9.128385782241821289e-01
7.230780720710754395e-01
9.128385782241821289e-01
9.128385782241821289e-01
9.128386378288269043e-01
9.128385782241821289e-01
9.128385782241821289e-01
9.097304344177246094e-01
9.128385782241821289e-01
9.128385782241821289e-01
9.128386378288269043e-01
9.128385782241821289e-01
8.016116619110107422e-01
9.128385782241821289e-01
9.128385782241821289e-01
9.128385782241821289e-01
9.128385782241821289e-01
9.128386378288269043e-01
9.128385782241821289e-01
9.128385782241821289e-01
9.128386378288269043e-01
9.128385782241821289e-01
9.128385782241821289e-01
9.128385782241821289e-01
9.128386378288269043e-01
8.681570887565612793e-01
9.128385782241821289e-01
9.128385782241821289e-01
9.113122224807739258e-01
9.128385782241821289e-01
9.128385782241821289e-01
9.128385782241821289e-01
9.128386378288269043e-01
9.128385782241821289e-01
9.128385782241821289e-01
9.128386378288269043e-01
9.128386378288269043e-01
9.128385782241821289e-01
9.128386378288269043e-01
9.128386378288269043e-01
9.128385782241821289e-01
9.128386378288269043e-01
9.128385782241821289e-01
9.128386378288269043e-01
9.128385782241821289e-01
9.128385782241821289e-01
9.128385782241821289e-01
7.977297306060791016e-01
9.128386378288269043e-01
9.128385782241821289e-01
6.534897089004516602e-01
7.062921524047851562e-01
9.128385782241821289e-01
7.314413785934448242e-01
9.057030677795410156e-01
9.098408818244934082e-01
9.128386378288269043e-01
8.665468096733093262e-01
8.523141145706176758e-01
7.545952796936035156e-01
9.115194082260131836e-01
4.456155598163604736e-01
0.000000000000000000e+00
6.902238130569458008e-01
9.128386378288269043e-01
3.515051901340484619e-01
9.064353108406066895e-01
7.189552187919616699e-01
8.178784251213073730e-01
7.616374492645263672e-01
0.000000000000000000e+00
8.333936929702758789e-01
0.000000000000000000e+00
4.722740054130554199e-01
8.852044939994812012e-01
0.000000000000000000e+00
0.000000000000000000e+00
0.000000000000000000e+00
0.000000000000000000e+00
0.000000000000000000e+00
0.000000000000000000e+00
0.000000000000000000e+00
0.000000000000000000e+00
0.000000000000000000e+00
7.277486920356750488e-01
5.692570805549621582e-01
0.000000000000000000e+00
5.730031132698059082e-01
0.000000000000000000e+00
4.837761521339416504e-01
0.000000000000000000e+00
9.128385782241821289e-01
0.000000000000000000e+00
5.629537105560302734e-01
0.000000000000000000e+00
0.000000000000000000e+00
5.625737309455871582e-01
0.000000000000000000e+00
0.000000000000000000e+00
0.000000000000000000e+00
0.000000000000000000e+00
0.000000000000000000e+00
5.218579173088073730e-01
0.000000000000000000e+00
0.000000000000000000e+00
0.000000000000000000e+00
0.000000000000000000e+00
0.000000000000000000e+00
0.000000000000000000e+00
0.000000000000000000e+00
0.000000000000000000e+00
5.696923136711120605e-01
0.000000000000000000e+00
0.000000000000000000e+00
0.000000000000000000e+00
7.190654873847961426e-01
0.000000000000000000e+00
0.000000000000000000e+00
0.000000000000000000e+00
0.000000000000000000e+00
4.217137098312377930e-01
7.591851949691772461e-01
9.128386378288269043e-01
0.000000000000000000e+00
8.515506982803344727e-01
6.716860532760620117e-01
0.000000000000000000e+00
8.341124057769775391e-01
0.000000000000000000e+00
0.000000000000000000e+00
3.539251387119293213e-01
0.000000000000000000e+00
9.128385782241821289e-01
0.000000000000000000e+00
0.000000000000000000e+00
3.830164968967437744e-01
0.000000000000000000e+00
3.769833445549011230e-01
0.000000000000000000e+00
0.000000000000000000e+00
0.000000000000000000e+00
5.793442130088806152e-01
5.040839314460754395e-01
0.000000000000000000e+00
0.000000000000000000e+00
3.689186275005340576e-01
5.409790277481079102e-01
0.000000000000000000e+00
0.000000000000000000e+00
0.000000000000000000e+00
4.735567867755889893e-01
0.000000000000000000e+00
6.987463831901550293e-01
3.692348301410675049e-01
9.071859717369079590e-01
7.388135790824890137e-01
0.000000000000000000e+00
3.694162666797637939e-01
4.655193388462066650e-01
7.391242384910583496e-01
9.063252210617065430e-01
9.127556681632995605e-01
5.340684056282043457e-01
0.000000000000000000e+00
0.000000000000000000e+00
0.000000000000000000e+00
0.000000000000000000e+00
0.000000000000000000e+00
0.000000000000000000e+00
5.391554236412048340e-01
0.000000000000000000e+00
8.907458782196044922e-01
3.590964972972869873e-01
8.102154731750488281e-01
9.128386378288269043e-01
0.000000000000000000e+00
6.011225581169128418e-01
6.620927453041076660e-01
0.000000000000000000e+00
5.060346722602844238e-01
7.874097228050231934e-01
5.970839858055114746e-01
7.062445282936096191e-01
4.952508211135864258e-01
0.000000000000000000e+00
0.000000000000000000e+00
0.000000000000000000e+00
0.000000000000000000e+00
0.000000000000000000e+00
0.000000000000000000e+00
0.000000000000000000e+00
0.000000000000000000e+00
0.000000000000000000e+00
5.215485095977783203e-01
9.045669436454772949e-01
9.120814800262451172e-01
4.003628194332122803e-01
4.195764064788818359e-01
0.000000000000000000e+00
4.459928572177886963e-01
4.279845952987670898e-01
6.672371029853820801e-01
8.907704353332519531e-01
8.793303966522216797e-01
7.526799440383911133e-01
8.823336362838745117e-01
9.112936854362487793e-01
8.827713131904602051e-01
7.967603206634521484e-01
5.241839885711669922e-01
8.759602308273315430e-01
8.087627291679382324e-01
6.923309564590454102e-01
8.181559443473815918e-01
8.800538778305053711e-01
0.000000000000000000e+00
7.354683876037597656e-01
8.414294719696044922e-01
5.476096868515014648e-01
8.192632198333740234e-01
7.302615046501159668e-01
8.410245180130004883e-01
7.885911464691162109e-01
0.000000000000000000e+00
8.465579748153686523e-01
8.821315765380859375e-01
8.873448371887207031e-01
8.611108064651489258e-01
8.864277005195617676e-01
8.865957260131835938e-01
6.674678921699523926e-01
4.527196288108825684e-01
8.261603116989135742e-01
8.943280577659606934e-01
5.780903697013854980e-01
8.913756608963012695e-01
8.939715623855590820e-01
9.089714288711547852e-01
8.939235210418701172e-01
8.914607167243957520e-01
8.916151523590087891e-01
8.898479938507080078e-01
8.887894153594970703e-01
8.926696777343750000e-01
8.824036121368408203e-01
5.610663890838623047e-01
8.493292927742004395e-01
8.193525075912475586e-01
8.061397075653076172e-01
8.939332962036132812e-01
0.000000000000000000e+00
0.000000000000000000e+00
6.637678742408752441e-01
4.382123947143554688e-01
0.000000000000000000e+00
0.000000000000000000e+00
0.000000000000000000e+00
0.000000000000000000e+00
0.000000000000000000e+00
0.000000000000000000e+00
0.000000000000000000e+00
0.000000000000000000e+00
0.000000000000000000e+00
0.000000000000000000e+00
0.000000000000000000e+00
0.000000000000000000e+00
0.000000000000000000e+00
0.000000000000000000e+00
0.000000000000000000e+00
5.922734737396240234e-01
0.000000000000000000e+00
0.000000000000000000e+00
0.000000000000000000e+00
0.000000000000000000e+00
0.000000000000000000e+00
0.000000000000000000e+00
8.391799926757812500e-01
6.966335773468017578e-01
0.000000000000000000e+00
0.000000000000000000e+00
0.000000000000000000e+00
0.000000000000000000e+00
0.000000000000000000e+00
0.000000000000000000e+00
0.000000000000000000e+00
7.033097147941589355e-01
0.000000000000000000e+00
0.000000000000000000e+00
0.000000000000000000e+00
0.000000000000000000e+00
0.000000000000000000e+00
0.000000000000000000e+00
0.000000000000000000e+00
0.000000000000000000e+00
0.000000000000000000e+00
0.000000000000000000e+00
0.000000000000000000e+00
0.000000000000000000e+00
0.000000000000000000e+00
0.000000000000000000e+00
0.000000000000000000e+00
0.000000000000000000e+00
0.000000000000000000e+00
0.000000000000000000e+00
0.000000000000000000e+00
0.000000000000000000e+00
0.000000000000000000e+00
0.000000000000000000e+00
0.000000000000000000e+00
0.000000000000000000e+00
0.000000000000000000e+00
0.000000000000000000e+00
0.000000000000000000e+00
0.000000000000000000e+00
0.000000000000000000e+00
7.403873205184936523e-01
0.000000000000000000e+00
0.000000000000000000e+00
0.000000000000000000e+00
0.000000000000000000e+00
8.680345416069030762e-01
9.087985157966613770e-01
7.477712631225585938e-01
0.000000000000000000e+00
0.000000000000000000e+00
0.000000000000000000e+00
0.000000000000000000e+00
0.000000000000000000e+00
0.000000000000000000e+00
7.394134402275085449e-01
0.000000000000000000e+00
0.000000000000000000e+00
0.000000000000000000e+00
0.000000000000000000e+00
0.000000000000000000e+00
0.000000000000000000e+00
0.000000000000000000e+00
0.000000000000000000e+00
0.000000000000000000e+00
0.000000000000000000e+00
0.000000000000000000e+00
0.000000000000000000e+00
0.000000000000000000e+00
0.000000000000000000e+00
0.000000000000000000e+00
0.000000000000000000e+00
0.000000000000000000e+00
0.000000000000000000e+00
0.000000000000000000e+00
0.000000000000000000e+00
0.000000000000000000e+00
0.000000000000000000e+00
0.000000000000000000e+00
5.240204334259033203e-01
6.768116950988769531e-01
0.000000000000000000e+00
0.000000000000000000e+00
0.000000000000000000e+00
0.000000000000000000e+00
0.000000000000000000e+00
0.000000000000000000e+00
6.234901547431945801e-01
0.000000000000000000e+00
0.000000000000000000e+00
0.000000000000000000e+00
0.000000000000000000e+00
0.000000000000000000e+00
0.000000000000000000e+00
0.000000000000000000e+00
0.000000000000000000e+00
0.000000000000000000e+00
0.000000000000000000e+00
4.394197762012481689e-01
0.000000000000000000e+00
0.000000000000000000e+00
8.400288224220275879e-01
0.000000000000000000e+00
4.713025093078613281e-01
3.979184925556182861e-01
0.000000000000000000e+00
0.000000000000000000e+00
8.165976405143737793e-01
0.000000000000000000e+00
0.000000000000000000e+00
0.000000000000000000e+00
0.000000000000000000e+00
5.713975429534912109e-01
0.000000000000000000e+00
4.598064422607421875e-01
0.000000000000000000e+00
4.360861480236053467e-01
5.812018513679504395e-01
6.454684734344482422e-01
0.000000000000000000e+00
4.546778798103332520e-01
0.000000000000000000e+00
0.000000000000000000e+00
0.000000000000000000e+00
0.000000000000000000e+00
0.000000000000000000e+00
7.881154417991638184e-01
7.897750139236450195e-01
7.863570451736450195e-01
7.863610982894897461e-01
7.859762907028198242e-01
7.888391613960266113e-01
7.874320149421691895e-01
7.893406152725219727e-01
7.849289178848266602e-01
7.888988256454467773e-01
7.876118421554565430e-01
7.896523475646972656e-01
7.842940092086791992e-01
7.877495884895324707e-01
6.778047084808349609e-01
7.870985269546508789e-01
7.862479686737060547e-01
7.894439697265625000e-01
7.861732244491577148e-01
7.850769758224487305e-01
7.895685434341430664e-01
7.863417267799377441e-01
7.840349674224853516e-01
7.881258726119995117e-01
7.769802212715148926e-01
7.861865758895874023e-01
7.846081256866455078e-01
7.886320948600769043e-01
7.860178351402282715e-01
7.001085281372070312e-01
7.859145402908325195e-01
7.858418226242065430e-01
7.864093780517578125e-01
7.860778570175170898e-01
7.893260121345520020e-01
7.888624668121337891e-01
7.887579202651977539e-01
7.853307723999023438e-01
7.896150350570678711e-01
7.895586490631103516e-01
7.875491380691528320e-01
7.857335805892944336e-01
7.891536951065063477e-01
7.838788032531738281e-01
7.895426750183105469e-01
7.756705284118652344e-01
7.861973047256469727e-01
7.881045937538146973e-01
7.889791727066040039e-01
7.865827083587646484e-01
4.758014976978302002e-01
0.000000000000000000e+00
0.000000000000000000e+00
0.000000000000000000e+00
0.000000000000000000e+00
0.000000000000000000e+00
0.000000000000000000e+00
0.000000000000000000e+00
0.000000000000000000e+00
0.000000000000000000e+00
0.000000000000000000e+00
0.000000000000000000e+00
3.816088736057281494e-01
0.000000000000000000e+00
0.000000000000000000e+00
0.000000000000000000e+00
0.000000000000000000e+00
0.000000000000000000e+00
0.000000000000000000e+00
0.000000000000000000e+00
0.000000000000000000e+00
4.978180527687072754e-01
0.000000000000000000e+00
0.000000000000000000e+00
0.000000000000000000e+00
0.000000000000000000e+00
0.000000000000000000e+00
0.000000000000000000e+00
0.000000000000000000e+00
0.000000000000000000e+00
0.000000000000000000e+00
0.000000000000000000e+00
0.000000000000000000e+00
0.000000000000000000e+00
0.000000000000000000e+00
0.000000000000000000e+00
0.000000000000000000e+00
0.000000000000000000e+00
0.000000000000000000e+00
0.000000000000000000e+00
0.000000000000000000e+00
0.000000000000000000e+00
6.046741008758544922e-01
0.000000000000000000e+00
3.955876529216766357e-01
0.000000000000000000e+00
0.000000000000000000e+00
0.000000000000000000e+00
0.000000000000000000e+00
0.000000000000000000e+00
0.000000000000000000e+00
0.000000000000000000e+00
0.000000000000000000e+00
0.000000000000000000e+00
0.000000000000000000e+00
0.000000000000000000e+00
0.000000000000000000e+00
0.000000000000000000e+00
7.805417776107788086e-01
0.000000000000000000e+00
0.000000000000000000e+00
6.067653298377990723e-01
7.803859710693359375e-01
5.570825934410095215e-01
7.842303514480590820e-01
7.899324893951416016e-01
7.819131612777709961e-01
6.558931469917297363e-01
6.607939004898071289e-01
6.613080501556396484e-01
7.854812145233154297e-01
3.892618715763092041e-01
0.000000000000000000e+00
0.000000000000000000e+00
0.000000000000000000e+00
0.000000000000000000e+00
0.000000000000000000e+00
0.000000000000000000e+00
0.000000000000000000e+00
0.000000000000000000e+00
0.000000000000000000e+00
0.000000000000000000e+00
4.386062026023864746e-01
0.000000000000000000e+00
0.000000000000000000e+00
0.000000000000000000e+00
0.000000000000000000e+00
0.000000000000000000e+00
0.000000000000000000e+00
0.000000000000000000e+00
0.000000000000000000e+00
0.000000000000000000e+00
0.000000000000000000e+00
0.000000000000000000e+00
0.000000000000000000e+00
0.000000000000000000e+00
0.000000000000000000e+00
0.000000000000000000e+00
0.000000000000000000e+00
0.000000000000000000e+00
0.000000000000000000e+00
0.000000000000000000e+00
0.000000000000000000e+00
0.000000000000000000e+00
0.000000000000000000e+00
0.000000000000000000e+00
0.000000000000000000e+00
0.000000000000000000e+00
0.000000000000000000e+00
0.000000000000000000e+00
0.000000000000000000e+00
0.000000000000000000e+00
0.000000000000000000e+00
0.000000000000000000e+00
0.000000000000000000e+00
0.000000000000000000e+00
0.000000000000000000e+00
0.000000000000000000e+00
0.000000000000000000e+00
0.000000000000000000e+00
0.000000000000000000e+00
4.369185864925384521e-01
0.000000000000000000e+00
0.000000000000000000e+00
0.000000000000000000e+00
0.000000000000000000e+00
0.000000000000000000e+00
0.000000000000000000e+00
0.000000000000000000e+00
0.000000000000000000e+00
7.858668565750122070e-01
4.493506550788879395e-01
0.000000000000000000e+00
6.076585650444030762e-01
0.000000000000000000e+00
5.314273834228515625e-01
0.000000000000000000e+00
0.000000000000000000e+00
0.000000000000000000e+00
0.000000000000000000e+00
0.000000000000000000e+00
5.789894461631774902e-01
0.000000000000000000e+00
0.000000000000000000e+00
0.000000000000000000e+00
4.519201219081878662e-01
0.000000000000000000e+00
5.985165238380432129e-01
0.000000000000000000e+00
0.000000000000000000e+00
8.295255899429321289e-01
8.327460289001464844e-01
7.445721626281738281e-01
8.263325691223144531e-01
8.186938762664794922e-01
8.099728822708129883e-01
8.221540451049804688e-01
8.328570723533630371e-01
8.318532705307006836e-01
7.082523107528686523e-01
7.406985759735107422e-01
6.536967754364013672e-01
8.328045606613159180e-01
8.268879652023315430e-01
8.317947387695312500e-01
8.055953383445739746e-01
8.153813481330871582e-01
8.280810117721557617e-01
8.041326403617858887e-01
8.317981362342834473e-01
8.101215362548828125e-01
8.321906924247741699e-01
8.201701641082763672e-01
7.554333209991455078e-01
8.326992988586425781e-01
8.083122968673706055e-01
8.324226140975952148e-01
7.888449430465698242e-01
8.204317092895507812e-01
8.016782999038696289e-01
7.693623304367065430e-01
8.335894346237182617e-01
8.275130987167358398e-01
8.325777053833007812e-01
8.329499959945678711e-01
6.610249876976013184e-01
7.260683774948120117e-01
8.311154842376708984e-01
8.323438763618469238e-01
6.483203768730163574e-01
6.316093206405639648e-01
8.110298514366149902e-01
8.324586153030395508e-01
8.304604291915893555e-01
6.769040226936340332e-01
7.939416170120239258e-01
8.327909708023071289e-01
5.943477749824523926e-01
8.331080675125122070e-01
8.263072967529296875e-01
0.000000000000000000e+00
0.000000000000000000e+00
0.000000000000000000e+00
0.000000000000000000e+00
0.000000000000000000e+00
0.000000000000000000e+00
0.000000000000000000e+00
0.000000000000000000e+00
0.000000000000000000e+00
0.000000000000000000e+00
0.000000000000000000e+00
0.000000000000000000e+00
0.000000000000000000e+00
0.000000000000000000e+00
0.000000000000000000e+00
0.000000000000000000e+00
0.000000000000000000e+00
0.000000000000000000e+00
0.000000000000000000e+00
0.000000000000000000e+00
0.000000000000000000e+00
0.000000000000000000e+00
0.000000000000000000e+00
0.000000000000000000e+00
0.000000000000000000e+00
0.000000000000000000e+00
0.000000000000000000e+00
0.000000000000000000e+00
0.000000000000000000e+00
0.000000000000000000e+00
0.000000000000000000e+00
0.000000000000000000e+00
0.000000000000000000e+00
0.000000000000000000e+00
0.000000000000000000e+00
0.000000000000000000e+00
0.000000000000000000e+00
0.000000000000000000e+00
0.000000000000000000e+00
0.000000000000000000e+00
0.000000000000000000e+00
0.000000000000000000e+00
0.000000000000000000e+00
0.000000000000000000e+00
0.000000000000000000e+00
0.000000000000000000e+00
0.000000000000000000e+00
0.000000000000000000e+00
6.330494880676269531e-01
0.000000000000000000e+00
0.000000000000000000e+00
0.000000000000000000e+00
0.000000000000000000e+00
0.000000000000000000e+00
0.000000000000000000e+00
0.000000000000000000e+00
0.000000000000000000e+00
0.000000000000000000e+00
0.000000000000000000e+00
0.000000000000000000e+00
0.000000000000000000e+00
0.000000000000000000e+00
0.000000000000000000e+00
0.000000000000000000e+00
3.504298925399780273e-01
0.000000000000000000e+00
8.326221704483032227e-01
8.159523606300354004e-01
8.319637775421142578e-01
0.000000000000000000e+00
0.000000000000000000e+00
0.000000000000000000e+00
0.000000000000000000e+00
0.000000000000000000e+00
4.129619598388671875e-01
0.000000000000000000e+00
0.000000000000000000e+00
0.000000000000000000e+00
0.000000000000000000e+00
0.000000000000000000e+00
0.000000000000000000e+00
0.000000000000000000e+00
0.000000000000000000e+00
0.000000000000000000e+00
0.000000000000000000e+00
5.455096960067749023e-01
0.000000000000000000e+00
0.000000000000000000e+00
0.000000000000000000e+00
0.000000000000000000e+00
0.000000000000000000e+00
7.909669876098632812e-01
0.000000000000000000e+00
0.000000000000000000e+00
0.000000000000000000e+00
0.000000000000000000e+00
0.000000000000000000e+00
0.000000000000000000e+00
0.000000000000000000e+00
0.000000000000000000e+00
0.000000000000000000e+00
0.000000000000000000e+00
0.000000000000000000e+00
8.464102745056152344e-01
0.000000000000000000e+00
0.000000000000000000e+00
0.000000000000000000e+00
0.000000000000000000e+00
0.000000000000000000e+00
0.000000000000000000e+00
0.000000000000000000e+00
6.680436730384826660e-01
0.000000000000000000e+00
0.000000000000000000e+00
4.699379801750183105e-01
0.000000000000000000e+00
0.000000000000000000e+00
0.000000000000000000e+00
0.000000000000000000e+00
0.000000000000000000e+00
0.000000000000000000e+00
0.000000000000000000e+00
0.000000000000000000e+00
0.000000000000000000e+00
0.000000000000000000e+00
0.000000000000000000e+00
0.000000000000000000e+00
0.000000000000000000e+00
6.917464137077331543e-01
6.466069221496582031e-01
0.000000000000000000e+00
6.688427925109863281e-01
0.000000000000000000e+00
0.000000000000000000e+00
6.902322769165039062e-01
0.000000000000000000e+00
0.000000000000000000e+00
0.000000000000000000e+00
0.000000000000000000e+00
0.000000000000000000e+00
0.000000000000000000e+00
0.000000000000000000e+00
0.000000000000000000e+00
0.000000000000000000e+00
0.000000000000000000e+00
0.000000000000000000e+00
0.000000000000000000e+00
0.000000000000000000e+00
0.000000000000000000e+00
0.000000000000000000e+00
7.578873634338378906e-01
0.000000000000000000e+00
0.000000000000000000e+00
0.000000000000000000e+00
0.000000000000000000e+00
0.000000000000000000e+00
0.000000000000000000e+00
0.000000000000000000e+00
7.592848539352416992e-01
0.000000000000000000e+00
7.565810680389404297e-01
0.000000000000000000e+00
0.000000000000000000e+00
7.640233039855957031e-01
0.000000000000000000e+00
6.633082032203674316e-01
0.000000000000000000e+00
0.000000000000000000e+00
7.584633231163024902e-01
4.541260302066802979e-01
7.651243209838867188e-01
7.629055380821228027e-01
0.000000000000000000e+00
0.000000000000000000e+00
7.642601728439331055e-01
0.000000000000000000e+00
0.000000000000000000e+00
0.000000000000000000e+00
0.000000000000000000e+00
0.000000000000000000e+00
0.000000000000000000e+00
7.577165365219116211e-01
7.681928277015686035e-01
0.000000000000000000e+00
0.000000000000000000e+00
7.673376202583312988e-01
0.000000000000000000e+00
0.000000000000000000e+00
0.000000000000000000e+00
4.930338859558105469e-01
0.000000000000000000e+00
7.516852021217346191e-01
7.526673078536987305e-01
0.000000000000000000e+00
0.000000000000000000e+00
7.676360011100769043e-01
7.634917497634887695e-01
7.047914862632751465e-01
0.000000000000000000e+00
7.587845325469970703e-01
0.000000000000000000e+00
0.000000000000000000e+00
0.000000000000000000e+00
0.000000000000000000e+00
0.000000000000000000e+00
0.000000000000000000e+00
0.000000000000000000e+00
0.000000000000000000e+00
4.111586809158325195e-01
0.000000000000000000e+00
0.000000000000000000e+00
0.000000000000000000e+00
0.000000000000000000e+00
0.000000000000000000e+00
0.000000000000000000e+00
0.000000000000000000e+00
0.000000000000000000e+00
0.000000000000000000e+00
0.000000000000000000e+00
0.000000000000000000e+00
0.000000000000000000e+00
0.000000000000000000e+00
0.000000000000000000e+00
0.000000000000000000e+00
0.000000000000000000e+00
0.000000000000000000e+00
0.000000000000000000e+00
0.000000000000000000e+00
0.000000000000000000e+00
0.000000000000000000e+00
0.000000000000000000e+00
0.000000000000000000e+00
0.000000000000000000e+00
0.000000000000000000e+00
0.000000000000000000e+00
0.000000000000000000e+00
0.000000000000000000e+00
0.000000000000000000e+00
0.000000000000000000e+00
0.000000000000000000e+00
0.000000000000000000e+00
0.000000000000000000e+00
0.000000000000000000e+00
0.000000000000000000e+00
0.000000000000000000e+00
0.000000000000000000e+00
0.000000000000000000e+00
0.000000000000000000e+00
0.000000000000000000e+00
0.000000000000000000e+00
0.000000000000000000e+00
0.000000000000000000e+00
0.000000000000000000e+00
0.000000000000000000e+00
0.000000000000000000e+00
0.000000000000000000e+00
0.000000000000000000e+00
0.000000000000000000e+00
0.000000000000000000e+00
0.000000000000000000e+00
0.000000000000000000e+00
0.000000000000000000e+00
0.000000000000000000e+00
0.000000000000000000e+00
5.160598754882812500e-01
0.000000000000000000e+00
4.850152134895324707e-01
4.633168578147888184e-01
8.110556602478027344e-01
0.000000000000000000e+00
7.577752470970153809e-01
0.000000000000000000e+00
0.000000000000000000e+00
0.000000000000000000e+00
0.000000000000000000e+00
0.000000000000000000e+00
0.000000000000000000e+00
0.000000000000000000e+00
0.000000000000000000e+00
0.000000000000000000e+00
0.000000000000000000e+00
0.000000000000000000e+00
0.000000000000000000e+00
0.000000000000000000e+00
0.000000000000000000e+00
0.000000000000000000e+00
0.000000000000000000e+00
0.000000000000000000e+00
0.000000000000000000e+00
0.000000000000000000e+00
0.000000000000000000e+00
0.000000000000000000e+00
0.000000000000000000e+00
0.000000000000000000e+00
0.000000000000000000e+00
0.000000000000000000e+00
0.000000000000000000e+00
0.000000000000000000e+00
0.000000000000000000e+00
0.000000000000000000e+00
0.000000000000000000e+00
0.000000000000000000e+00
4.023623764514923096e-01
0.000000000000000000e+00
7.548615932464599609e-01
0.000000000000000000e+00
0.000000000000000000e+00
5.864513516426086426e-01
0.000000000000000000e+00
0.000000000000000000e+00
0.000000000000000000e+00
0.000000000000000000e+00
0.000000000000000000e+00
0.000000000000000000e+00
0.000000000000000000e+00
0.000000000000000000e+00
4.180263876914978027e-01
0.000000000000000000e+00
0.000000000000000000e+00
0.000000000000000000e+00
0.000000000000000000e+00
0.000000000000000000e+00
0.000000000000000000e+00
0.000000000000000000e+00
0.000000000000000000e+00
0.000000000000000000e+00
6.656301021575927734e-01
0.000000000000000000e+00
0.000000000000000000e+00
0.000000000000000000e+00
0.000000000000000000e+00
0.000000000000000000e+00
0.000000000000000000e+00
0.000000000000000000e+00
0.000000000000000000e+00
0.000000000000000000e+00
0.000000000000000000e+00
0.000000000000000000e+00
0.000000000000000000e+00
0.000000000000000000e+00
0.000000000000000000e+00
0.000000000000000000e+00
0.000000000000000000e+00
0.000000000000000000e+00
0.000000000000000000e+00
0.000000000000000000e+00
0.000000000000000000e+00
0.000000000000000000e+00
0.000000000000000000e+00
0.000000000000000000e+00
0.000000000000000000e+00
0.000000000000000000e+00
4.731765687465667725e-01
0.000000000000000000e+00
0.000000000000000000e+00
0.000000000000000000e+00
0.000000000000000000e+00
0.000000000000000000e+00
0.000000000000000000e+00
0.000000000000000000e+00
0.000000000000000000e+00
0.000000000000000000e+00
0.000000000000000000e+00
0.000000000000000000e+00
0.000000000000000000e+00
0.000000000000000000e+00
0.000000000000000000e+00
0.000000000000000000e+00
0.000000000000000000e+00
0.000000000000000000e+00
0.000000000000000000e+00
0.000000000000000000e+00
7.565180063247680664e-01
0.000000000000000000e+00
7.222870588302612305e-01
0.000000000000000000e+00
0.000000000000000000e+00
0.000000000000000000e+00
0.000000000000000000e+00
0.000000000000000000e+00
0.000000000000000000e+00
0.000000000000000000e+00
0.000000000000000000e+00
0.000000000000000000e+00
7.786669731140136719e-01
0.000000000000000000e+00
0.000000000000000000e+00
0.000000000000000000e+00
0.000000000000000000e+00
0.000000000000000000e+00
0.000000000000000000e+00
0.000000000000000000e+00
0.000000000000000000e+00
0.000000000000000000e+00
0.000000000000000000e+00
0.000000000000000000e+00
0.000000000000000000e+00
0.000000000000000000e+00
0.000000000000000000e+00
5.216109752655029297e-01
0.000000000000000000e+00
0.000000000000000000e+00
0.000000000000000000e+00
7.793105244636535645e-01
0.000000000000000000e+00
0.000000000000000000e+00
0.000000000000000000e+00
0.000000000000000000e+00
0.000000000000000000e+00
0.000000000000000000e+00
0.000000000000000000e+00
0.000000000000000000e+00
0.000000000000000000e+00
0.000000000000000000e+00
0.000000000000000000e+00
4.000360667705535889e-01
0.000000000000000000e+00
0.000000000000000000e+00
0.000000000000000000e+00
0.000000000000000000e+00
0.000000000000000000e+00
5.253381729125976562e-01
0.000000000000000000e+00
0.000000000000000000e+00
0.000000000000000000e+00
6.474818587303161621e-01
0.000000000000000000e+00
0.000000000000000000e+00
0.000000000000000000e+00
0.000000000000000000e+00
0.000000000000000000e+00
0.000000000000000000e+00
0.000000000000000000e+00
0.000000000000000000e+00
0.000000000000000000e+00
0.000000000000000000e+00
0.000000000000000000e+00
0.000000000000000000e+00
0.000000000000000000e+00
0.000000000000000000e+00
0.000000000000000000e+00
0.000000000000000000e+00
0.000000000000000000e+00
0.000000000000000000e+00
0.000000000000000000e+00
0.000000000000000000e+00
0.000000000000000000e+00
0.000000000000000000e+00
0.000000000000000000e+00
0.000000000000000000e+00
0.000000000000000000e+00
0.000000000000000000e+00
0.000000000000000000e+00
0.000000000000000000e+00
0.000000000000000000e+00
0.000000000000000000e+00
0.000000000000000000e+00
0.000000000000000000e+00
0.000000000000000000e+00
0.000000000000000000e+00
0.000000000000000000e+00
0.000000000000000000e+00
0.000000000000000000e+00
0.000000000000000000e+00
0.000000000000000000e+00
0.000000000000000000e+00
0.000000000000000000e+00
0.000000000000000000e+00
0.000000000000000000e+00
7.055050730705261230e-01
7.816315889358520508e-01
0.000000000000000000e+00
7.823243737220764160e-01
0.000000000000000000e+00
7.681118249893188477e-01
0.000000000000000000e+00
0.000000000000000000e+00
0.000000000000000000e+00
0.000000000000000000e+00
0.000000000000000000e+00
7.853059768676757812e-01
0.000000000000000000e+00
0.000000000000000000e+00
0.000000000000000000e+00
0.000000000000000000e+00
0.000000000000000000e+00
0.000000000000000000e+00
0.000000000000000000e+00
0.000000000000000000e+00
0.000000000000000000e+00
0.000000000000000000e+00
0.000000000000000000e+00
0.000000000000000000e+00
0.000000000000000000e+00
0.000000000000000000e+00
0.000000000000000000e+00
0.000000000000000000e+00
0.000000000000000000e+00
0.000000000000000000e+00
0.000000000000000000e+00
0.000000000000000000e+00
6.028925180435180664e-01
5.230270028114318848e-01
5.171103477478027344e-01
3.776838183403015137e-01
0.000000000000000000e+00
0.000000000000000000e+00
9.128385782241821289e-01
4.167131781578063965e-01
0.000000000000000000e+00
0.000000000000000000e+00
4.480727612972259521e-01
0.000000000000000000e+00
7.539066076278686523e-01
0.000000000000000000e+00
0.000000000000000000e+00
0.000000000000000000e+00
0.000000000000000000e+00
7.243784666061401367e-01
0.000000000000000000e+00
7.209873199462890625e-01
0.000000000000000000e+00
7.691712379455566406e-01
6.391034722328186035e-01
0.000000000000000000e+00
0.000000000000000000e+00
4.899582266807556152e-01
0.000000000000000000e+00
6.510926485061645508e-01
4.509619772434234619e-01
3.496778309345245361e-01
0.000000000000000000e+00
0.000000000000000000e+00
0.000000000000000000e+00
7.770148515701293945e-01
0.000000000000000000e+00
0.000000000000000000e+00
0.000000000000000000e+00
7.681764364242553711e-01
4.831404387950897217e-01
4.445553421974182129e-01
0.000000000000000000e+00
4.685386717319488525e-01
0.000000000000000000e+00
0.000000000000000000e+00
0.000000000000000000e+00
0.000000000000000000e+00
7.068479657173156738e-01
0.000000000000000000e+00
6.969125270843505859e-01
8.250668644905090332e-01
7.791694402694702148e-01
8.573310971260070801e-01
8.564410209655761719e-01
7.444564700126647949e-01
7.782763242721557617e-01
8.415486812591552734e-01
6.125064492225646973e-01
6.075559258460998535e-01
8.326804637908935547e-01
7.555955648422241211e-01
6.301049590110778809e-01
8.491637110710144043e-01
8.273900747299194336e-01
8.155355453491210938e-01
8.181878328323364258e-01
5.960710644721984863e-01
7.556128501892089844e-01
8.337479829788208008e-01
3.743064999580383301e-01
5.160006880760192871e-01
8.460006713867187500e-01
8.473193645477294922e-01
8.491611480712890625e-01
8.331067562103271484e-01
8.185974955558776855e-01
8.182621002197265625e-01
7.289359569549560547e-01
7.711641192436218262e-01
8.271067142486572266e-01
7.924232482910156250e-01
8.285121917724609375e-01
8.311688899993896484e-01
6.534488797187805176e-01
6.949669122695922852e-01
7.664917707443237305e-01
8.501996994018554688e-01
7.078260183334350586e-01
8.593472838401794434e-01
6.735224127769470215e-01
7.728006243705749512e-01
8.140544891357421875e-01
7.735936045646667480e-01
7.626101970672607422e-01
7.711791992187500000e-01
5.231936573982238770e-01
7.977455258369445801e-01
8.193920254707336426e-01
8.532754778861999512e-01
8.299522399902343750e-01
0.000000000000000000e+00
0.000000000000000000e+00
6.816978454589843750e-01
4.474123418331146240e-01
0.000000000000000000e+00
0.000000000000000000e+00
0.000000000000000000e+00
0.000000000000000000e+00
0.000000000000000000e+00
0.000000000000000000e+00
0.000000000000000000e+00
0.000000000000000000e+00
0.000000000000000000e+00
0.000000000000000000e+00
0.000000000000000000e+00
0.000000000000000000e+00
0.000000000000000000e+00
0.000000000000000000e+00
0.000000000000000000e+00
0.000000000000000000e+00
0.000000000000000000e+00
0.000000000000000000e+00
0.000000000000000000e+00
5.948576927185058594e-01
5.721929073333740234e-01
0.000000000000000000e+00
0.000000000000000000e+00
0.000000000000000000e+00
0.000000000000000000e+00
0.000000000000000000e+00
0.000000000000000000e+00
0.000000000000000000e+00
0.000000000000000000e+00
0.000000000000000000e+00
7.719165682792663574e-01
0.000000000000000000e+00
0.000000000000000000e+00
0.000000000000000000e+00
0.000000000000000000e+00
6.192258596420288086e-01
0.000000000000000000e+00
7.567354440689086914e-01
4.788925647735595703e-01
0.000000000000000000e+00
0.000000000000000000e+00
0.000000000000000000e+00
0.000000000000000000e+00
0.000000000000000000e+00
0.000000000000000000e+00
0.000000000000000000e+00
7.121605873107910156e-01
5.253600478172302246e-01
0.000000000000000000e+00
4.338450431823730469e-01
0.000000000000000000e+00
0.000000000000000000e+00
0.000000000000000000e+00
0.000000000000000000e+00
0.000000000000000000e+00
8.188300728797912598e-01
7.582224011421203613e-01
0.000000000000000000e+00
0.000000000000000000e+00
0.000000000000000000e+00
7.619833946228027344e-01
6.314330697059631348e-01
6.359627842903137207e-01
0.000000000000000000e+00
8.314787149429321289e-01
7.766743302345275879e-01
8.559165000915527344e-01
8.190580010414123535e-01
4.922973215579986572e-01
0.000000000000000000e+00
0.000000000000000000e+00
0.000000000000000000e+00
0.000000000000000000e+00
0.000000000000000000e+00
0.000000000000000000e+00
6.180661916732788086e-01
5.982564687728881836e-01
0.000000000000000000e+00
0.000000000000000000e+00
4.475932419300079346e-01
0.000000000000000000e+00
0.000000000000000000e+00
0.000000000000000000e+00
0.000000000000000000e+00
0.000000000000000000e+00
0.000000000000000000e+00
0.000000000000000000e+00
4.031414687633514404e-01
6.724877953529357910e-01
0.000000000000000000e+00
0.000000000000000000e+00
0.000000000000000000e+00
0.000000000000000000e+00
4.320170879364013672e-01
0.000000000000000000e+00
0.000000000000000000e+00
0.000000000000000000e+00
0.000000000000000000e+00
0.000000000000000000e+00
0.000000000000000000e+00
0.000000000000000000e+00
0.000000000000000000e+00
0.000000000000000000e+00
0.000000000000000000e+00
0.000000000000000000e+00
0.000000000000000000e+00
0.000000000000000000e+00
0.000000000000000000e+00
0.000000000000000000e+00
0.000000000000000000e+00
0.000000000000000000e+00
0.000000000000000000e+00
0.000000000000000000e+00
0.000000000000000000e+00
0.000000000000000000e+00
0.000000000000000000e+00
0.000000000000000000e+00
0.000000000000000000e+00
0.000000000000000000e+00
0.000000000000000000e+00
0.000000000000000000e+00
0.000000000000000000e+00
0.000000000000000000e+00
0.000000000000000000e+00
0.000000000000000000e+00
0.000000000000000000e+00
0.000000000000000000e+00
0.000000000000000000e+00
0.000000000000000000e+00
0.000000000000000000e+00
0.000000000000000000e+00
0.000000000000000000e+00
0.000000000000000000e+00
0.000000000000000000e+00
0.000000000000000000e+00
0.000000000000000000e+00
0.000000000000000000e+00
0.000000000000000000e+00
0.000000000000000000e+00
0.000000000000000000e+00
0.000000000000000000e+00
0.000000000000000000e+00
0.000000000000000000e+00
0.000000000000000000e+00
0.000000000000000000e+00
6.404636502265930176e-01
0.000000000000000000e+00
8.352203369140625000e-01
0.000000000000000000e+00
0.000000000000000000e+00
8.475239872932434082e-01
0.000000000000000000e+00
5.077695846557617188e-01
0.000000000000000000e+00
0.000000000000000000e+00
0.000000000000000000e+00
0.000000000000000000e+00
0.000000000000000000e+00
0.000000000000000000e+00
0.000000000000000000e+00
8.352200984954833984e-01
0.000000000000000000e+00
8.352897167205810547e-01
0.000000000000000000e+00
3.552002310752868652e-01
8.569710850715637207e-01
8.352200984954833984e-01
0.000000000000000000e+00
6.270315647125244141e-01
5.018361210823059082e-01
3.843444287776947021e-01
0.000000000000000000e+00
8.352897167205810547e-01
8.559787869453430176e-01
8.555943369865417480e-01
0.000000000000000000e+00
0.000000000000000000e+00
0.000000000000000000e+00
0.000000000000000000e+00
5.118666887283325195e-01
0.000000000000000000e+00
8.475255966186523438e-01
4.569084644317626953e-01
4.635090827941894531e-01
6.515377759933471680e-01
8.048012256622314453e-01
0.000000000000000000e+00
8.352202177047729492e-01
8.352912068367004395e-01
8.352202177047729492e-01
7.809293866157531738e-01
0.000000000000000000e+00
8.292858600616455078e-01
0.000000000000000000e+00
0.000000000000000000e+00
0.000000000000000000e+00
0.000000000000000000e+00
5.405402183532714844e-01
0.000000000000000000e+00
0.000000000000000000e+00
0.000000000000000000e+00
0.000000000000000000e+00
6.443257331848144531e-01
0.000000000000000000e+00
0.000000000000000000e+00
0.000000000000000000e+00
0.000000000000000000e+00
0.000000000000000000e+00
4.142251908779144287e-01
0.000000000000000000e+00
0.000000000000000000e+00
0.000000000000000000e+00
0.000000000000000000e+00
0.000000000000000000e+00
0.000000000000000000e+00
0.000000000000000000e+00
0.000000000000000000e+00
0.000000000000000000e+00
4.993781447410583496e-01
0.000000000000000000e+00
0.000000000000000000e+00
0.000000000000000000e+00
0.000000000000000000e+00
0.000000000000000000e+00
0.000000000000000000e+00
0.000000000000000000e+00
0.000000000000000000e+00
0.000000000000000000e+00
0.000000000000000000e+00
0.000000000000000000e+00
8.352202177047729492e-01
0.000000000000000000e+00
5.848073363304138184e-01
0.000000000000000000e+00
0.000000000000000000e+00
0.000000000000000000e+00
0.000000000000000000e+00
0.000000000000000000e+00
0.000000000000000000e+00
0.000000000000000000e+00
0.000000000000000000e+00
0.000000000000000000e+00
0.000000000000000000e+00
0.000000000000000000e+00
0.000000000000000000e+00
0.000000000000000000e+00
0.000000000000000000e+00
0.000000000000000000e+00
0.000000000000000000e+00
0.000000000000000000e+00
0.000000000000000000e+00
0.000000000000000000e+00
0.000000000000000000e+00
7.091323137283325195e-01
0.000000000000000000e+00
0.000000000000000000e+00
0.000000000000000000e+00
0.000000000000000000e+00
0.000000000000000000e+00
0.000000000000000000e+00
5.360789299011230469e-01
0.000000000000000000e+00
8.352200984954833984e-01
5.852418541908264160e-01
0.000000000000000000e+00
0.000000000000000000e+00
5.308030843734741211e-01
0.000000000000000000e+00
0.000000000000000000e+00
0.000000000000000000e+00
0.000000000000000000e+00
0.000000000000000000e+00
0.000000000000000000e+00
0.000000000000000000e+00
0.000000000000000000e+00
0.000000000000000000e+00
7.532026767730712891e-01
0.000000000000000000e+00
0.000000000000000000e+00
0.000000000000000000e+00
0.000000000000000000e+00
0.000000000000000000e+00
0.000000000000000000e+00
0.000000000000000000e+00
0.000000000000000000e+00
0.000000000000000000e+00
0.000000000000000000e+00
0.000000000000000000e+00
0.000000000000000000e+00
0.000000000000000000e+00
0.000000000000000000e+00
0.000000000000000000e+00
0.000000000000000000e+00
0.000000000000000000e+00
0.000000000000000000e+00
0.000000000000000000e+00
0.000000000000000000e+00
0.000000000000000000e+00
0.000000000000000000e+00
0.000000000000000000e+00
0.000000000000000000e+00
0.000000000000000000e+00
0.000000000000000000e+00
0.000000000000000000e+00
0.000000000000000000e+00
0.000000000000000000e+00
0.000000000000000000e+00
0.000000000000000000e+00
0.000000000000000000e+00
0.000000000000000000e+00
8.353164196014404297e-01
0.000000000000000000e+00
0.000000000000000000e+00
0.000000000000000000e+00
0.000000000000000000e+00
0.000000000000000000e+00
0.000000000000000000e+00
0.000000000000000000e+00
0.000000000000000000e+00
3.578459620475769043e-01
0.000000000000000000e+00
0.000000000000000000e+00
0.000000000000000000e+00
0.000000000000000000e+00
0.000000000000000000e+00
0.000000000000000000e+00
0.000000000000000000e+00
0.000000000000000000e+00
0.000000000000000000e+00
8.162187933921813965e-01
0.000000000000000000e+00
8.568820953369140625e-01
8.279480338096618652e-01
0.000000000000000000e+00
0.000000000000000000e+00
0.000000000000000000e+00
0.000000000000000000e+00
0.000000000000000000e+00
0.000000000000000000e+00
0.000000000000000000e+00
0.000000000000000000e+00
5.878232121467590332e-01
0.000000000000000000e+00
0.000000000000000000e+00
0.000000000000000000e+00
0.000000000000000000e+00
0.000000000000000000e+00
0.000000000000000000e+00
0.000000000000000000e+00
0.000000000000000000e+00
0.000000000000000000e+00
0.000000000000000000e+00
0.000000000000000000e+00
0.000000000000000000e+00
0.000000000000000000e+00
0.000000000000000000e+00
0.000000000000000000e+00
0.000000000000000000e+00
0.000000000000000000e+00
0.000000000000000000e+00
0.000000000000000000e+00
0.000000000000000000e+00
0.000000000000000000e+00
0.000000000000000000e+00
0.000000000000000000e+00
0.000000000000000000e+00
0.000000000000000000e+00
0.000000000000000000e+00
0.000000000000000000e+00
0.000000000000000000e+00
4.245152473449707031e-01
0.000000000000000000e+00
0.000000000000000000e+00
5.328161716461181641e-01
6.686844825744628906e-01
7.614983320236206055e-01
0.000000000000000000e+00
0.000000000000000000e+00
0.000000000000000000e+00
0.000000000000000000e+00
0.000000000000000000e+00
0.000000000000000000e+00
0.000000000000000000e+00
0.000000000000000000e+00
0.000000000000000000e+00
0.000000000000000000e+00
3.733655810356140137e-01
0.000000000000000000e+00
0.000000000000000000e+00
0.000000000000000000e+00
8.150163888931274414e-01
0.000000000000000000e+00
0.000000000000000000e+00
0.000000000000000000e+00
0.000000000000000000e+00
0.000000000000000000e+00
0.000000000000000000e+00
0.000000000000000000e+00
0.000000000000000000e+00
0.000000000000000000e+00
4.434507489204406738e-01
0.000000000000000000e+00
0.000000000000000000e+00
0.000000000000000000e+00
0.000000000000000000e+00
0.000000000000000000e+00
0.000000000000000000e+00
4.104179441928863525e-01
0.000000000000000000e+00
0.000000000000000000e+00
0.000000000000000000e+00
0.000000000000000000e+00
0.000000000000000000e+00
0.000000000000000000e+00
0.000000000000000000e+00
0.000000000000000000e+00
0.000000000000000000e+00
0.000000000000000000e+00
0.000000000000000000e+00
0.000000000000000000e+00
0.000000000000000000e+00
0.000000000000000000e+00
0.000000000000000000e+00
0.000000000000000000e+00
0.000000000000000000e+00
0.000000000000000000e+00
0.000000000000000000e+00
0.000000000000000000e+00
0.000000000000000000e+00
0.000000000000000000e+00
0.000000000000000000e+00
0.000000000000000000e+00
0.000000000000000000e+00
0.000000000000000000e+00
0.000000000000000000e+00
0.000000000000000000e+00
0.000000000000000000e+00
0.000000000000000000e+00
0.000000000000000000e+00
0.000000000000000000e+00
0.000000000000000000e+00
0.000000000000000000e+00
0.000000000000000000e+00
0.000000000000000000e+00
0.000000000000000000e+00
0.000000000000000000e+00
0.000000000000000000e+00
0.000000000000000000e+00
0.000000000000000000e+00
0.000000000000000000e+00
0.000000000000000000e+00
0.000000000000000000e+00
0.000000000000000000e+00
0.000000000000000000e+00
0.000000000000000000e+00
0.000000000000000000e+00
0.000000000000000000e+00
0.000000000000000000e+00
3.648959100246429443e-01
0.000000000000000000e+00
0.000000000000000000e+00
0.000000000000000000e+00
0.000000000000000000e+00
0.000000000000000000e+00
0.000000000000000000e+00
0.000000000000000000e+00
8.185625076293945312e-01
8.199579119682312012e-01
0.000000000000000000e+00
0.000000000000000000e+00
5.548368692398071289e-01
0.000000000000000000e+00
3.695113956928253174e-01
7.249720692634582520e-01
0.000000000000000000e+00
0.000000000000000000e+00
0.000000000000000000e+00
0.000000000000000000e+00
0.000000000000000000e+00
8.159474134445190430e-01
0.000000000000000000e+00
0.000000000000000000e+00
0.000000000000000000e+00
0.000000000000000000e+00
0.000000000000000000e+00
0.000000000000000000e+00
0.000000000000000000e+00
0.000000000000000000e+00
0.000000000000000000e+00
0.000000000000000000e+00
0.000000000000000000e+00
0.000000000000000000e+00
4.422350525856018066e-01
0.000000000000000000e+00
0.000000000000000000e+00
0.000000000000000000e+00
0.000000000000000000e+00
4.982129633426666260e-01
0.000000000000000000e+00
0.000000000000000000e+00
0.000000000000000000e+00
4.914469122886657715e-01
0.000000000000000000e+00
0.000000000000000000e+00
0.000000000000000000e+00
0.000000000000000000e+00
0.000000000000000000e+00
0.000000000000000000e+00
0.000000000000000000e+00
0.000000000000000000e+00
0.000000000000000000e+00
4.940109252929687500e-01
0.000000000000000000e+00
0.000000000000000000e+00
0.000000000000000000e+00
0.000000000000000000e+00
0.000000000000000000e+00
6.707159280776977539e-01
0.000000000000000000e+00
0.000000000000000000e+00
0.000000000000000000e+00
0.000000000000000000e+00
5.808970928192138672e-01
0.000000000000000000e+00
7.223039865493774414e-01
0.000000000000000000e+00
0.000000000000000000e+00
0.000000000000000000e+00
0.000000000000000000e+00
0.000000000000000000e+00
0.000000000000000000e+00
5.940380096435546875e-01
0.000000000000000000e+00
0.000000000000000000e+00
0.000000000000000000e+00
0.000000000000000000e+00
0.000000000000000000e+00
0.000000000000000000e+00
0.000000000000000000e+00
0.000000000000000000e+00
0.000000000000000000e+00
0.000000000000000000e+00
0.000000000000000000e+00
0.000000000000000000e+00
0.000000000000000000e+00
0.000000000000000000e+00
6.000279784202575684e-01
5.897225141525268555e-01
0.000000000000000000e+00
3.484616875648498535e-01
0.000000000000000000e+00
3.685643076896667480e-01
4.606734812259674072e-01
5.232155919075012207e-01
6.211667060852050781e-01
3.486327826976776123e-01
3.638282418251037598e-01
5.559749603271484375e-01
3.725786805152893066e-01
6.250354051589965820e-01
5.098245739936828613e-01
0.000000000000000000e+00
6.012024283409118652e-01
5.170070528984069824e-01
0.000000000000000000e+00
6.827156543731689453e-01
4.462345838546752930e-01
3.493477106094360352e-01
0.000000000000000000e+00
0.000000000000000000e+00
8.052502870559692383e-01
8.044177293777465820e-01
7.751065492630004883e-01
8.051951527595520020e-01
6.917406916618347168e-01
3.827895820140838623e-01
7.947674393653869629e-01
6.765826940536499023e-01
6.160078644752502441e-01
8.044217824935913086e-01
0.000000000000000000e+00
7.757734060287475586e-01
4.876950383186340332e-01
6.907806396484375000e-01
8.023498058319091797e-01
8.037757873535156250e-01
6.177207231521606445e-01
7.998571991920471191e-01
3.563962578773498535e-01
9.128385782241821289e-01
6.216394305229187012e-01
0.000000000000000000e+00
4.792529344558715820e-01
3.542455732822418213e-01
6.690655946731567383e-01
5.222296118736267090e-01
4.453784823417663574e-01
3.671356737613677979e-01
3.796672821044921875e-01
6.344122290611267090e-01
0.000000000000000000e+00
0.000000000000000000e+00
0.000000000000000000e+00
3.982510268688201904e-01
0.000000000000000000e+00
3.923076689243316650e-01
7.379337549209594727e-01
0.000000000000000000e+00
4.117408096790313721e-01
0.000000000000000000e+00
4.736886620521545410e-01
0.000000000000000000e+00
0.000000000000000000e+00
0.000000000000000000e+00
5.454504489898681641e-01
0.000000000000000000e+00
4.786791801452636719e-01
5.459435582160949707e-01
0.000000000000000000e+00
4.911276698112487793e-01
5.267860889434814453e-01
4.931809902191162109e-01
4.692574143409729004e-01
4.234142303466796875e-01
4.773512482643127441e-01
5.448459386825561523e-01
6.075985431671142578e-01
7.211222648620605469e-01
5.315060019493103027e-01
3.495910465717315674e-01
0.000000000000000000e+00
5.325512290000915527e-01
4.731410443782806396e-01
6.345089673995971680e-01
5.437304973602294922e-01
0.000000000000000000e+00
4.853343963623046875e-01
7.966616153717041016e-01
5.963331460952758789e-01
5.322096347808837891e-01
6.009000539779663086e-01
4.940597414970397949e-01
5.955305099487304688e-01
0.000000000000000000e+00
4.527310729026794434e-01
3.669995665550231934e-01
0.000000000000000000e+00
0.000000000000000000e+00
0.000000000000000000e+00
0.000000000000000000e+00
3.998409509658813477e-01
0.000000000000000000e+00
0.000000000000000000e+00
0.000000000000000000e+00
7.058125734329223633e-01
0.000000000000000000e+00
0.000000000000000000e+00
0.000000000000000000e+00
0.000000000000000000e+00
0.000000000000000000e+00
0.000000000000000000e+00
5.767626762390136719e-01
5.988707542419433594e-01
0.000000000000000000e+00
0.000000000000000000e+00
6.480526328086853027e-01
8.056778311729431152e-01
8.408315181732177734e-01
3.521944284439086914e-01
0.000000000000000000e+00
0.000000000000000000e+00
0.000000000000000000e+00
0.000000000000000000e+00
0.000000000000000000e+00
0.000000000000000000e+00
0.000000000000000000e+00
0.000000000000000000e+00
0.000000000000000000e+00
0.000000000000000000e+00
0.000000000000000000e+00
0.000000000000000000e+00
0.000000000000000000e+00
0.000000000000000000e+00
0.000000000000000000e+00
0.000000000000000000e+00
6.413735151290893555e-01
0.000000000000000000e+00
5.318411588668823242e-01
0.000000000000000000e+00
0.000000000000000000e+00
0.000000000000000000e+00
0.000000000000000000e+00
0.000000000000000000e+00
0.000000000000000000e+00
0.000000000000000000e+00
0.000000000000000000e+00
0.000000000000000000e+00
0.000000000000000000e+00
0.000000000000000000e+00
0.000000000000000000e+00
0.000000000000000000e+00
0.000000000000000000e+00
5.575072169303894043e-01
0.000000000000000000e+00
0.000000000000000000e+00
0.000000000000000000e+00
0.000000000000000000e+00
0.000000000000000000e+00
0.000000000000000000e+00
4.970474839210510254e-01
0.000000000000000000e+00
0.000000000000000000e+00
8.053476810455322266e-01
7.547875642776489258e-01
3.779057562351226807e-01
7.990335226058959961e-01
0.000000000000000000e+00
0.000000000000000000e+00
0.000000000000000000e+00
0.000000000000000000e+00
0.000000000000000000e+00
3.532289564609527588e-01
8.046742677688598633e-01
7.966246604919433594e-01
7.458569407463073730e-01
8.046398162841796875e-01
7.154687643051147461e-01
0.000000000000000000e+00
4.095831811428070068e-01
0.000000000000000000e+00
6.607322692871093750e-01
4.273720681667327881e-01
4.648831188678741455e-01
6.888921260833740234e-01
5.387985706329345703e-01
0.000000000000000000e+00
6.629946827888488770e-01
0.000000000000000000e+00
6.663917303085327148e-01
0.000000000000000000e+00
0.000000000000000000e+00
0.000000000000000000e+00
0.000000000000000000e+00
0.000000000000000000e+00
4.193294346332550049e-01
7.701554298400878906e-01
