4.865848720073699951e-01
7.064852714538574219e-01
7.134743928909301758e-01
7.266896963119506836e-01
7.009508609771728516e-01
5.612708330154418945e-01
4.754756987094879150e-01
7.143918275833129883e-01
7.190496921539306641e-01
7.296430468559265137e-01
7.354303598403930664e-01
7.166141867637634277e-01
7.338303327560424805e-01
3.265313506126403809e-01
4.737734198570251465e-01
4.857063889503479004e-01
7.169156670570373535e-01
7.464725971221923828e-01
7.215033173561096191e-01
4.588513672351837158e-01
4.980610907077789307e-01
7.401971220970153809e-01
4.944071471691131592e-01
5.545765161514282227e-01
7.222458720207214355e-01
4.932251274585723877e-01
7.323904633522033691e-01
4.892981052398681641e-01
7.018154263496398926e-01
5.808158516883850098e-01
4.830876290798187256e-01
7.418105602264404297e-01
4.941551387310028076e-01
7.349042892456054688e-01
7.012131810188293457e-01
7.386433482170104980e-01
7.468310594558715820e-01
7.400751113891601562e-01
7.295277118682861328e-01
4.862655103206634521e-01
5.763418674468994141e-01
2.351375967264175415e-01
4.031174778938293457e-01
5.875585079193115234e-01
5.710998177528381348e-01
7.109189033508300781e-01
7.359412312507629395e-01
7.204158306121826172e-01
4.816717207431793213e-01
7.160705924034118652e-01
4.918212592601776123e-01
4.951411783695220947e-01
3.279024362564086914e-01
7.399447560310363770e-01
3.860164284706115723e-01
3.596614301204681396e-01
6.658002734184265137e-01
7.286105751991271973e-01
3.695769011974334717e-01
7.041592597961425781e-01
3.747561275959014893e-01
3.569515645503997803e-01
2.295623570680618286e-01
3.646707236766815186e-01
2.389834225177764893e-01
2.252376824617385864e-01
4.719306826591491699e-01
1.781317442655563354e-01
3.701838850975036621e-01
2.334547042846679688e-01
3.830494582653045654e-01
3.891322314739227295e-01
0.000000000000000000e+00
2.306332737207412720e-01
3.235850632190704346e-01
2.283439636230468750e-01
3.282957971096038818e-01
2.407649755477905273e-01
1.796367615461349487e-01
3.674506843090057373e-01
1.546738147735595703e-01
0.000000000000000000e+00
1.856946796178817749e-01
3.011541366577148438e-01
2.268169373273849487e-01
2.359689623117446899e-01
2.478906214237213135e-01
2.372413873672485352e-01
2.382496446371078491e-01
3.307644426822662354e-01
2.312203794717788696e-01
4.714469611644744873e-01
3.813555240631103516e-01
2.338366657495498657e-01
5.684936046600341797e-01
2.368225306272506714e-01
4.930379390716552734e-01
2.214410603046417236e-01
1.761356443166732788e-01
2.267244756221771240e-01
4.758757650852203369e-01
2.331169694662094116e-01
4.633655548095703125e-01
3.615869879722595215e-01
7.190563082695007324e-01
2.397108078002929688e-01
3.507055640220642090e-01
2.917076945304870605e-01
3.792968690395355225e-01
3.085829019546508789e-01
4.750854969024658203e-01
7.438995838165283203e-01
3.786516487598419189e-01
7.356921434402465820e-01
4.534252583980560303e-01
4.854764938354492188e-01
7.355241179466247559e-01
4.824089109897613525e-01
4.848888814449310303e-01
4.873761832714080811e-01
5.818114280700683594e-01
3.144170641899108887e-01
4.834937751293182373e-01
2.248153388500213623e-01
4.835395216941833496e-01
4.799195826053619385e-01
4.934336543083190918e-01
4.792153537273406982e-01
4.621637761592864990e-01
7.196933031082153320e-01
4.763204753398895264e-01
7.192234992980957031e-01
7.164596319198608398e-01
4.633458256721496582e-01
2.442735731601715088e-01
2.391585856676101685e-01
7.278570532798767090e-01
7.112443447113037109e-01
7.023887634277343750e-01
7.172047495841979980e-01
4.817965328693389893e-01
2.402960807085037231e-01
2.410000413656234741e-01
4.790806174278259277e-01
6.619677543640136719e-01
3.016032278537750244e-01
7.438442707061767578e-01
2.309005111455917358e-01
2.105561345815658569e-01
3.736203014850616455e-01
5.314195156097412109e-01
7.013007402420043945e-01
6.688810586929321289e-01
6.932907104492187500e-01
3.778722882270812988e-01
3.847934007644653320e-01
3.756105005741119385e-01
7.366541028022766113e-01
7.143164873123168945e-01
4.595147073268890381e-01
7.352155447006225586e-01
5.673077702522277832e-01
4.744798839092254639e-01
7.170969843864440918e-01
4.680006206035614014e-01
4.873282611370086670e-01
5.547626018524169922e-01
7.311266660690307617e-01
5.815578699111938477e-01
5.849988460540771484e-01
7.269343137741088867e-01
4.924067556858062744e-01
7.041722536087036133e-01
4.467408955097198486e-01
3.868854939937591553e-01
7.196790575981140137e-01
3.594835102558135986e-01
3.840523958206176758e-01
3.690765500068664551e-01
1.736852973699569702e-01
4.879706799983978271e-01
7.404357194900512695e-01
7.162172794342041016e-01
3.060717284679412842e-01
7.175613641738891602e-01
4.817618131637573242e-01
6.879631280899047852e-01
4.701865911483764648e-01
7.042488455772399902e-01
0.000000000000000000e+00
4.456202685832977295e-01
4.650744199752807617e-01
3.892206549644470215e-01
4.828776717185974121e-01
4.769260287284851074e-01
1.922169178724288940e-01
5.629314780235290527e-01
2.352172881364822388e-01
7.191680073738098145e-01
4.827798604965209961e-01
9.798650145530700684e-01
9.823576807975769043e-01
9.780223369598388672e-01
9.556386470794677734e-01
9.953259229660034180e-01
9.728550910949707031e-01
9.814698100090026855e-01
9.795430302619934082e-01
9.920864701271057129e-01
9.847676753997802734e-01
9.846482276916503906e-01
9.722929596900939941e-01
9.720999598503112793e-01
9.101228117942810059e-01
9.667569994926452637e-01
9.561753273010253906e-01
9.858735203742980957e-01
9.685797691345214844e-01
9.888139963150024414e-01
9.693274497985839844e-01
9.688287973403930664e-01
3.125240206718444824e-01
9.679074883460998535e-01
9.747862219810485840e-01
9.921901226043701172e-01
9.810754060745239258e-01
3.171079754829406738e-01
9.913442134857177734e-01
9.777221679687500000e-01
9.711026549339294434e-01
9.721723794937133789e-01
9.900629520416259766e-01
9.969972372055053711e-01
9.797698855400085449e-01
9.975901842117309570e-01
9.777501225471496582e-01
9.929212927818298340e-01
9.943633675575256348e-01
9.739761948585510254e-01
9.608064889907836914e-01
7.225570082664489746e-01
9.873610734939575195e-01
9.473689794540405273e-01
9.961172938346862793e-01
9.697058200836181641e-01
9.970535635948181152e-01
9.868843555450439453e-01
9.930588006973266602e-01
9.794136881828308105e-01
9.740029573440551758e-01
9.474663734436035156e-01
9.811734557151794434e-01
3.285161256790161133e-01
9.981109499931335449e-01
2.016050815582275391e-01
9.458799362182617188e-01
9.432218074798583984e-01
9.868671894073486328e-01
9.272721409797668457e-01
6.172611117362976074e-01
9.319933652877807617e-01
9.970842599868774414e-01
9.792176485061645508e-01
9.643571376800537109e-01
9.468961358070373535e-01
9.637675881385803223e-01
3.254862725734710693e-01
3.645257651805877686e-01
3.662964999675750732e-01
3.928458392620086670e-01
2.756701707839965820e-01
9.541056156158447266e-01
9.577688574790954590e-01
9.937212467193603516e-01
9.286363720893859863e-01
9.631839990615844727e-01
9.986953735351562500e-01
9.682489633560180664e-01
9.609728455543518066e-01
9.628345370292663574e-01
9.669564366340637207e-01
9.677702784538269043e-01
9.956203699111938477e-01
9.680347442626953125e-01
9.881226420402526855e-01
9.899786114692687988e-01
9.657692909240722656e-01
3.228169381618499756e-01
9.948676228523254395e-01
9.461419582366943359e-01
9.774670600891113281e-01
9.662180542945861816e-01
9.609231352806091309e-01
9.802260994911193848e-01
3.032746911048889160e-01
9.580627679824829102e-01
9.621354937553405762e-01
9.463628530502319336e-01
9.825758337974548340e-01
9.952866435050964355e-01
9.811092019081115723e-01
9.740366935729980469e-01
9.685239791870117188e-01
2.995813488960266113e-01
4.459787607192993164e-01
0.000000000000000000e+00
0.000000000000000000e+00
3.218176364898681641e-01
9.731395840644836426e-01
9.846070408821105957e-01
9.665119647979736328e-01
9.651463031768798828e-01
6.419243812561035156e-01
9.520765542984008789e-01
9.832425117492675781e-01
9.468700885772705078e-01
9.839755296707153320e-01
6.817824244499206543e-01
9.572523236274719238e-01
5.849087834358215332e-01
9.858326911926269531e-01
9.607360363006591797e-01
9.506554007530212402e-01
6.581614017486572266e-01
9.295249581336975098e-01
3.169440031051635742e-01
9.641389250755310059e-01
9.931170344352722168e-01
9.832051396369934082e-01
1.892427057027816772e-01
1.863286346197128296e-01
9.517642855644226074e-01
9.742765426635742188e-01
9.420808553695678711e-01
9.701189398765563965e-01
9.328566789627075195e-01
3.154841065406799316e-01
9.557438492774963379e-01
9.760004878044128418e-01
9.703048467636108398e-01
9.536353349685668945e-01
2.174259871244430542e-01
9.980126023292541504e-01
9.918739199638366699e-01
9.926488995552062988e-01
9.413219094276428223e-01
3.095496892929077148e-01
3.066101670265197754e-01
9.299474358558654785e-01
3.194706439971923828e-01
9.975209236145019531e-01
9.674351811408996582e-01
9.577867984771728516e-01
9.856516718864440918e-01
9.628854990005493164e-01
9.785768985748291016e-01
9.523116350173950195e-01
6.661258935928344727e-01
9.531492590904235840e-01
9.364895224571228027e-01
9.679270982742309570e-01
9.929698109626770020e-01
9.919309020042419434e-01
9.447830319404602051e-01
9.754451513290405273e-01
9.783789515495300293e-01
9.901039004325866699e-01
9.942288398742675781e-01
9.933833479881286621e-01
9.839552640914916992e-01
9.641402959823608398e-01
9.986146688461303711e-01
9.704961776733398438e-01
9.675646424293518066e-01
9.772398471832275391e-01
9.584345817565917969e-01
9.973681569099426270e-01
9.644023776054382324e-01
9.816967248916625977e-01
9.348372220993041992e-01
9.750082492828369141e-01
9.876998066902160645e-01
9.523924589157104492e-01
9.379903078079223633e-01
9.861391782760620117e-01
9.774155020713806152e-01
9.788176417350769043e-01
3.279399871826171875e-01
9.778670072555541992e-01
9.664516448974609375e-01
9.930381774902343750e-01
9.891771078109741211e-01
9.950637817382812500e-01
6.664994359016418457e-01
9.722085595130920410e-01
9.763929843902587891e-01
9.512047171592712402e-01
9.802806973457336426e-01
9.821887612342834473e-01
9.481552839279174805e-01
9.617314338684082031e-01
6.544069051742553711e-01
3.225999474525451660e-01
6.479470729827880859e-01
6.410128474235534668e-01
6.594832539558410645e-01
6.461639404296875000e-01
3.328332602977752686e-01
9.822857975959777832e-01
6.371200680732727051e-01
6.537002325057983398e-01
6.507842540740966797e-01
2.386869937181472778e-01
6.549227237701416016e-01
3.271530866622924805e-01
6.609829664230346680e-01
4.784355163574218750e-01
3.247071504592895508e-01
3.175000846385955811e-01
2.413129061460494995e-01
3.862937688827514648e-01
6.362016797065734863e-01
2.332524806261062622e-01
2.247921973466873169e-01
2.388038784265518188e-01
3.210476040840148926e-01
6.434017419815063477e-01
3.295522332191467285e-01
3.170815110206604004e-01
9.344409108161926270e-01
3.329793810844421387e-01
2.403916418552398682e-01
3.188273310661315918e-01
6.494831442832946777e-01
3.272811472415924072e-01
3.277810811996459961e-01
3.241711854934692383e-01
3.242166638374328613e-01
3.165247440338134766e-01
2.453225404024124146e-01
6.542946696281433105e-01
3.119112849235534668e-01
6.557432413101196289e-01
3.252915441989898682e-01
3.266243338584899902e-01
5.788159966468811035e-01
3.229964673519134521e-01
3.216506540775299072e-01
3.261680603027343750e-01
3.238597214221954346e-01
0.000000000000000000e+00
0.000000000000000000e+00
0.000000000000000000e+00
3.177415132522583008e-01
0.000000000000000000e+00
0.000000000000000000e+00
6.497546434402465820e-01
0.000000000000000000e+00
3.258610665798187256e-01
0.000000000000000000e+00
1.933003067970275879e-01
0.000000000000000000e+00
3.213077485561370850e-01
3.075591325759887695e-01
0.000000000000000000e+00
3.967168033123016357e-01
0.000000000000000000e+00
0.000000000000000000e+00
0.000000000000000000e+00
0.000000000000000000e+00
0.000000000000000000e+00
0.000000000000000000e+00
0.000000000000000000e+00
0.000000000000000000e+00
0.000000000000000000e+00
2.471719086170196533e-01
0.000000000000000000e+00
0.000000000000000000e+00
0.000000000000000000e+00
0.000000000000000000e+00
3.177341222763061523e-01
0.000000000000000000e+00
3.314532637596130371e-01
0.000000000000000000e+00
3.207645416259765625e-01
6.585885882377624512e-01
6.475074291229248047e-01
4.071030020713806152e-01
2.844896614551544189e-01
2.297538071870803833e-01
3.238082230091094971e-01
3.204401135444641113e-01
3.155499696731567383e-01
3.290451467037200928e-01
3.319499790668487549e-01
0.000000000000000000e+00
0.000000000000000000e+00
0.000000000000000000e+00
0.000000000000000000e+00
2.223832309246063232e-01
9.852714538574218750e-01
6.433961987495422363e-01
9.726727008819580078e-01
6.468861103057861328e-01
9.597823023796081543e-01
9.639226198196411133e-01
9.648970365524291992e-01
9.645701646804809570e-01
9.956477284431457520e-01
6.479068994522094727e-01
4.447458386421203613e-01
3.291215896606445312e-01
9.872772693634033203e-01
6.513606309890747070e-01
4.530903100967407227e-01
9.399546384811401367e-01
3.133413195610046387e-01
6.597690582275390625e-01
9.941066503524780273e-01
3.283572793006896973e-01
9.835652709007263184e-01
3.318034410476684570e-01
6.635931730270385742e-01
6.160961389541625977e-01
9.888507127761840820e-01
9.743915796279907227e-01
9.232753515243530273e-01
9.711263179779052734e-01
3.059354722499847412e-01
9.786394834518432617e-01
9.719411730766296387e-01
9.340995550155639648e-01
9.887471795082092285e-01
6.272943019866943359e-01
6.567326784133911133e-01
6.507614254951477051e-01
6.654829978942871094e-01
6.028757095336914062e-01
6.380455493927001953e-01
9.322495460510253906e-01
6.535025835037231445e-01
3.197878599166870117e-01
6.418263912200927734e-01
9.624202251434326172e-01
9.833196401596069336e-01
6.434236764907836914e-01
6.506528854370117188e-01
9.808743596076965332e-01
9.812137484550476074e-01
9.670479297637939453e-01
3.658655285835266113e-01
6.019610166549682617e-01
3.843978345394134521e-01
3.660298287868499756e-01
3.151448369026184082e-01
3.211942315101623535e-01
6.444115042686462402e-01
6.114908456802368164e-01
5.620592236518859863e-01
5.752988457679748535e-01
3.183648586273193359e-01
3.179719746112823486e-01
3.225189447402954102e-01
3.466542363166809082e-01
3.140781223773956299e-01
6.050156354904174805e-01
4.752766489982604980e-01
3.810844421386718750e-01
0.000000000000000000e+00
9.670098423957824707e-01
9.625096321105957031e-01
9.752714633941650391e-01
9.495412111282348633e-01
0.000000000000000000e+00
4.520331025123596191e-01
5.484475493431091309e-01
2.373984009027481079e-01
3.127871751785278320e-01
3.942205309867858887e-01
2.410295754671096802e-01
7.255848050117492676e-01
3.152970075607299805e-01
4.590601325035095215e-01
6.390033364295959473e-01
3.301455378532409668e-01
9.260162711143493652e-01
3.240380585193634033e-01
2.466538995504379272e-01
4.052159786224365234e-01
6.633604764938354492e-01
2.361668795347213745e-01
5.583382844924926758e-01
3.185704946517944336e-01
6.501640081405639648e-01
3.117188811302185059e-01
9.934116601943969727e-01
3.291128277778625488e-01
9.774789214134216309e-01
6.380586028099060059e-01
3.297794163227081299e-01
7.504177093505859375e-01
7.687126398086547852e-01
3.191317021846771240e-01
5.759970545768737793e-01
7.389287948608398438e-01
2.273819297552108765e-01
1.754246950149536133e-01
3.940802514553070068e-01
3.765794932842254639e-01
3.772452473640441895e-01
5.620939135551452637e-01
4.831110835075378418e-01
9.437910318374633789e-01
5.700104832649230957e-01
4.760292172431945801e-01
5.698360204696655273e-01
4.734129309654235840e-01
2.276409268379211426e-01
2.261665016412734985e-01
2.391709834337234497e-01
3.686024844646453857e-01
2.354422062635421753e-01
3.691648542881011963e-01
7.444086670875549316e-01
7.586895227432250977e-01
6.233031749725341797e-01
3.928265571594238281e-01
7.758950591087341309e-01
2.353404909372329712e-01
5.595891475677490234e-01
3.871702849864959717e-01
3.091249167919158936e-01
7.564353346824645996e-01
5.627536773681640625e-01
3.838116228580474854e-01
3.870009183883666992e-01
0.000000000000000000e+00
2.326249033212661743e-01
4.827907383441925049e-01
5.725103616714477539e-01
7.468546032905578613e-01
5.611628293991088867e-01
9.620467424392700195e-01
5.736545324325561523e-01
4.876339733600616455e-01
4.879055321216583252e-01
3.671650886535644531e-01
5.614891052246093750e-01
7.635304927825927734e-01
3.159474134445190430e-01
7.774853706359863281e-01
9.530255794525146484e-01
9.483810067176818848e-01
3.300359249114990234e-01
0.000000000000000000e+00
3.944690823554992676e-01
2.373673766851425171e-01
5.565512776374816895e-01
3.894666731357574463e-01
0.000000000000000000e+00
5.824200510978698730e-01
0.000000000000000000e+00
2.334314137697219849e-01
0.000000000000000000e+00
0.000000000000000000e+00
0.000000000000000000e+00
3.154814243316650391e-01
0.000000000000000000e+00
9.748944640159606934e-01
9.684404730796813965e-01
5.974455475807189941e-01
3.658638894557952881e-01
7.258111238479614258e-01
0.000000000000000000e+00
0.000000000000000000e+00
7.316271662712097168e-01
3.109847307205200195e-01
3.551857173442840576e-01
0.000000000000000000e+00
9.210662245750427246e-01
9.403767585754394531e-01
0.000000000000000000e+00
0.000000000000000000e+00
2.382578402757644653e-01
3.812578916549682617e-01
9.242213368415832520e-01
2.383934408426284790e-01
5.447537302970886230e-01
0.000000000000000000e+00
0.000000000000000000e+00
0.000000000000000000e+00
0.000000000000000000e+00
3.180469572544097900e-01
9.453405141830444336e-01
5.351220965385437012e-01
3.933428227901458740e-01
3.172889351844787598e-01
3.885076940059661865e-01
3.870760202407836914e-01
0.000000000000000000e+00
9.613683223724365234e-01
9.832559823989868164e-01
9.603543281555175781e-01
9.998098015785217285e-01
5.351923704147338867e-01
5.892125368118286133e-01
5.837274789810180664e-01
9.695571064949035645e-01
9.807472825050354004e-01
9.705516695976257324e-01
9.572156071662902832e-01
9.381074905395507812e-01
9.764614701271057129e-01
3.756903111934661865e-01
9.741573333740234375e-01
1.969055235385894775e-01
9.689515829086303711e-01
3.849872052669525146e-01
7.822498679161071777e-01
9.643743634223937988e-01
9.680178761482238770e-01
9.832206964492797852e-01
9.005916714668273926e-01
9.736683964729309082e-01
7.738878130912780762e-01
9.396193623542785645e-01
9.477186203002929688e-01
9.975386857986450195e-01
3.602738976478576660e-01
9.743533134460449219e-01
9.529563784599304199e-01
5.629616379737854004e-01
5.879154205322265625e-01
9.377669095993041992e-01
9.999807476997375488e-01
9.908795952796936035e-01
7.082619071006774902e-01
5.281188488006591797e-01
7.610722184181213379e-01
9.664518237113952637e-01
9.979859590530395508e-01
9.628491401672363281e-01
9.162210226058959961e-01
7.873533964157104492e-01
7.744809389114379883e-01
9.928063750267028809e-01
9.587060809135437012e-01
8.984445333480834961e-01
9.368563294410705566e-01
9.205919504165649414e-01
5.856673717498779297e-01
5.299343466758728027e-01
9.786989688873291016e-01
9.550806879997253418e-01
7.891935110092163086e-01
9.610058665275573730e-01
5.620995759963989258e-01
3.867489993572235107e-01
7.613328099250793457e-01
5.822489857673645020e-01
5.707941055297851562e-01
5.719247460365295410e-01
5.612559914588928223e-01
5.736177563667297363e-01
7.924404144287109375e-01
3.608452379703521729e-01
3.718455135822296143e-01
2.400589138269424438e-01
5.592908263206481934e-01
5.814964771270751953e-01
5.627906322479248047e-01
5.728093385696411133e-01
5.782767534255981445e-01
5.951898694038391113e-01
5.928952097892761230e-01
5.370396971702575684e-01
2.291883528232574463e-01
5.886496901512145996e-01
5.816758275032043457e-01
9.786788225173950195e-01
5.671365857124328613e-01
5.922247767448425293e-01
7.622558474540710449e-01
5.634135007858276367e-01
5.819554924964904785e-01
5.830835103988647461e-01
7.541902065277099609e-01
5.914140343666076660e-01
9.748858213424682617e-01
5.480303764343261719e-01
7.512603998184204102e-01
5.846056938171386719e-01
7.593935132026672363e-01
5.764380693435668945e-01
5.736835598945617676e-01
5.777817368507385254e-01
7.609417438507080078e-01
5.903773903846740723e-01
5.818405747413635254e-01
5.646571516990661621e-01
6.246670484542846680e-01
4.830020666122436523e-01
7.243073582649230957e-01
4.644398391246795654e-01
6.386696100234985352e-01
7.167036533355712891e-01
6.230648159980773926e-01
7.362489700317382812e-01
7.226099967956542969e-01
7.233105897903442383e-01
7.140637040138244629e-01
7.139812707901000977e-01
6.208858489990234375e-01
6.957087516784667969e-01
7.374107837677001953e-01
4.726153016090393066e-01
6.229066848754882812e-01
7.270745038986206055e-01
7.100952267646789551e-01
7.268266081809997559e-01
4.734189808368682861e-01
4.651246964931488037e-01
4.877795279026031494e-01
4.742252230644226074e-01
4.685014188289642334e-01
4.736306369304656982e-01
4.910330474376678467e-01
4.701347351074218750e-01
4.815775454044342041e-01
4.742072820663452148e-01
6.425973176956176758e-01
7.256245613098144531e-01
7.355701327323913574e-01
4.871424436569213867e-01
4.831768274307250977e-01
4.738115370273590088e-01
4.807273149490356445e-01
7.265298366546630859e-01
6.242782473564147949e-01
7.185166478157043457e-01
4.631813764572143555e-01
4.817324876785278320e-01
7.364916205406188965e-01
6.235789060592651367e-01
6.453499197959899902e-01
4.700602293014526367e-01
4.773335754871368408e-01
7.015974521636962891e-01
6.261366605758666992e-01
4.762733578681945801e-01
2.347213625907897949e-01
3.079316616058349609e-01
3.169152140617370605e-01
0.000000000000000000e+00
0.000000000000000000e+00
0.000000000000000000e+00
3.011562824249267578e-01
3.204752206802368164e-01
4.674490690231323242e-01
0.000000000000000000e+00
0.000000000000000000e+00
0.000000000000000000e+00
0.000000000000000000e+00
0.000000000000000000e+00
0.000000000000000000e+00
0.000000000000000000e+00
3.085272908210754395e-01
0.000000000000000000e+00
0.000000000000000000e+00
7.103699445724487305e-01
0.000000000000000000e+00
3.215166032314300537e-01
0.000000000000000000e+00
0.000000000000000000e+00
0.000000000000000000e+00
0.000000000000000000e+00
0.000000000000000000e+00
4.686001241207122803e-01
0.000000000000000000e+00
0.000000000000000000e+00
0.000000000000000000e+00
3.208003044128417969e-01
0.000000000000000000e+00
0.000000000000000000e+00
0.000000000000000000e+00
1.980585753917694092e-01
3.168325126171112061e-01
2.393703758716583252e-01
0.000000000000000000e+00
0.000000000000000000e+00
0.000000000000000000e+00
0.000000000000000000e+00
0.000000000000000000e+00
0.000000000000000000e+00
0.000000000000000000e+00
0.000000000000000000e+00
0.000000000000000000e+00
1.939626783132553101e-01
0.000000000000000000e+00
0.000000000000000000e+00
7.093015313148498535e-01
7.208664417266845703e-01
4.643461704254150391e-01
7.380118370056152344e-01
7.097802162170410156e-01
7.227346301078796387e-01
7.264417409896850586e-01
9.448068141937255859e-01
9.512825012207031250e-01
3.177145719528198242e-01
7.228382229804992676e-01
7.357319593429565430e-01
4.948496818542480469e-01
4.855783283710479736e-01
7.129653692245483398e-01
7.180635929107666016e-01
4.833233356475830078e-01
3.117513954639434814e-01
2.349248379468917847e-01
4.723342657089233398e-01
3.159949779510498047e-01
4.799963235855102539e-01
4.313611686229705811e-01
7.014617323875427246e-01
4.691508412361145020e-01
7.238352894783020020e-01
4.777542650699615479e-01
4.915536344051361084e-01
4.829434752464294434e-01
4.953624904155731201e-01
4.717295467853546143e-01
6.418606042861938477e-01
4.804673790931701660e-01
4.875710010528564453e-01
4.638472795486450195e-01
7.368838787078857422e-01
4.692203104496002197e-01
7.451431751251220703e-01
4.946602284908294678e-01
6.882438659667968750e-01
7.373061180114746094e-01
7.219249010086059570e-01
7.149950861930847168e-01
7.464398741722106934e-01
4.669768214225769043e-01
7.372237443923950195e-01
4.469870328903198242e-01
7.329391241073608398e-01
7.094068527221679688e-01
7.318167686462402344e-01
6.744977235794067383e-01
7.203222513198852539e-01
7.366598248481750488e-01
7.381315231323242188e-01
4.829763770103454590e-01
7.329258322715759277e-01
7.131173610687255859e-01
7.327488660812377930e-01
7.003138065338134766e-01
6.970566511154174805e-01
6.931512951850891113e-01
7.184490561485290527e-01
7.244563698768615723e-01
7.208641767501831055e-01
7.186324596405029297e-01
3.165200948715209961e-01
9.564882516860961914e-01
7.138791680335998535e-01
4.795028269290924072e-01
4.759982526302337646e-01
7.171663045883178711e-01
7.354837656021118164e-01
7.175549864768981934e-01
0.000000000000000000e+00
7.275338172912597656e-01
4.776523709297180176e-01
7.403736114501953125e-01
4.787064790725708008e-01
4.823574423789978027e-01
4.925166666507720947e-01
7.379605174064636230e-01
4.986201226711273193e-01
4.748546481132507324e-01
4.935698807239532471e-01
7.294495105743408203e-01
4.919033050537109375e-01
4.884858131408691406e-01
7.158573865890502930e-01
7.314550876617431641e-01
7.400721311569213867e-01
4.853532910346984863e-01
3.294000029563903809e-01
6.992437243461608887e-01
7.070927619934082031e-01
4.930834770202636719e-01
4.445471465587615967e-01
7.178643941879272461e-01
6.923210024833679199e-01
4.621796607971191406e-01
4.874728918075561523e-01
3.262773156166076660e-01
2.489614784717559814e-01
4.841973781585693359e-01
0.000000000000000000e+00
3.243755400180816650e-01
4.742805659770965576e-01
4.737478494644165039e-01
3.328862190246582031e-01
4.797716736793518066e-01
4.797146916389465332e-01
3.290690481662750244e-01
2.353436052799224854e-01
3.256410956382751465e-01
2.445281147956848145e-01
2.367560565471649170e-01
2.422333955764770508e-01
2.486943006515502930e-01
2.447834014892578125e-01
2.416604012250900269e-01
2.345514595508575439e-01
3.295373618602752686e-01
3.298563957214355469e-01
3.325978815555572510e-01
4.843142926692962646e-01
7.102114558219909668e-01
2.483677566051483154e-01
3.237084448337554932e-01
2.381474226713180542e-01
4.821484088897705078e-01
2.445990890264511108e-01
3.294083178043365479e-01
4.708526730537414551e-01
2.457845211029052734e-01
3.262421488761901855e-01
0.000000000000000000e+00
4.696623384952545166e-01
4.568714499473571777e-01
4.913393259048461914e-01
3.279607295989990234e-01
3.329806625843048096e-01
3.237985968589782715e-01
3.295571208000183105e-01
0.000000000000000000e+00
3.318435251712799072e-01
3.325565755367279053e-01
0.000000000000000000e+00
3.251546919345855713e-01
2.282280474901199341e-01
4.548489451408386230e-01
3.225649297237396240e-01
7.438780069351196289e-01
4.934667050838470459e-01
3.154662847518920898e-01
7.105861306190490723e-01
4.886250197887420654e-01
3.313178718090057373e-01
7.324656248092651367e-01
7.188060283660888672e-01
9.892980456352233887e-01
9.799534082412719727e-01
4.881558418273925781e-01
3.141700625419616699e-01
7.371703982353210449e-01
3.322069346904754639e-01
3.217040598392486572e-01
9.934015274047851562e-01
7.211983203887939453e-01
4.898814260959625244e-01
3.238661885261535645e-01
7.038378715515136719e-01
7.051090002059936523e-01
7.146452665328979492e-01
4.961762726306915283e-01
4.846533238887786865e-01
4.920670688152313232e-01
9.486443996429443359e-01
4.763785898685455322e-01
3.302364945411682129e-01
4.731848537921905518e-01
3.227074444293975830e-01
9.928534030914306641e-01
7.466702461242675781e-01
4.995087683200836182e-01
4.567181468009948730e-01
4.764558970928192139e-01
3.145163953304290771e-01
4.610362946987152100e-01
3.291928172111511230e-01
4.888706207275390625e-01
3.115171194076538086e-01
4.867513179779052734e-01
2.258531153202056885e-01
7.282840609550476074e-01
3.239968419075012207e-01
3.665373623371124268e-01
7.406753301620483398e-01
7.158496975898742676e-01
4.725127816200256348e-01
7.453809976577758789e-01
4.922490417957305908e-01
2.451135218143463135e-01
4.780476689338684082e-01
2.499849498271942139e-01
3.290946185588836670e-01
3.269311189651489258e-01
2.409778535366058350e-01
4.798704981803894043e-01
2.489732056856155396e-01
4.651793539524078369e-01
4.827752113342285156e-01
4.820745289325714111e-01
9.611951708793640137e-01
3.323220610618591309e-01
2.374349683523178101e-01
7.378990054130554199e-01
4.833572506904602051e-01
9.869354963302612305e-01
3.326020240783691406e-01
7.202093601226806641e-01
7.452404499053955078e-01
1.885516941547393799e-01
9.973362684249877930e-01
7.314831614494323730e-01
3.228039443492889404e-01
9.989056587219238281e-01
1.806728988885879517e-01
0.000000000000000000e+00
9.926255345344543457e-01
9.880198836326599121e-01
9.782164692878723145e-01
4.964862167835235596e-01
9.984323382377624512e-01
3.318230509757995605e-01
4.460324645042419434e-01
3.189931511878967285e-01
2.451607882976531982e-01
3.196795582771301270e-01
3.144877254962921143e-01
7.461327314376831055e-01
2.421801835298538208e-01
9.680116772651672363e-01
7.352806925773620605e-01
9.966572523117065430e-01
3.038852512836456299e-01
7.727043032646179199e-01
4.798008501529693604e-01
2.386227846145629883e-01
2.412870377302169800e-01
4.794847667217254639e-01
3.321284949779510498e-01
3.283834755420684814e-01
9.515098333358764648e-01
9.852428436279296875e-01
9.862842559814453125e-01
9.842981100082397461e-01
6.301381587982177734e-01
7.301214933395385742e-01
0.000000000000000000e+00
4.733972251415252686e-01
4.799233973026275635e-01
0.000000000000000000e+00
7.382957935333251953e-01
9.871912002563476562e-01
4.907692670822143555e-01
7.386116981506347656e-01
9.828856587409973145e-01
7.328355908393859863e-01
9.796367883682250977e-01
9.771904945373535156e-01
7.265883684158325195e-01
4.762790799140930176e-01
7.443370819091796875e-01
7.468348741531372070e-01
3.331411182880401611e-01
7.395521998405456543e-01
9.829655289649963379e-01
3.279035687446594238e-01
7.112938761711120605e-01
7.418425083160400391e-01
3.172182142734527588e-01
7.060450911521911621e-01
7.026655673980712891e-01
3.259924948215484619e-01
9.777185320854187012e-01
9.739207625389099121e-01
3.305701315402984619e-01
3.286814391613006592e-01
7.351777553558349609e-01
7.279901504516601562e-01
9.956319332122802734e-01
3.134065866470336914e-01
7.451185584068298340e-01
9.957630038261413574e-01
7.311528921127319336e-01
4.786694049835205078e-01
7.369002699851989746e-01
7.188249826431274414e-01
7.303495407104492188e-01
9.956002831459045410e-01
7.350019216537475586e-01
3.883886039257049561e-01
4.883702099323272705e-01
4.956218898296356201e-01
4.905137121677398682e-01
3.257508873939514160e-01
3.819659054279327393e-01
3.285219073295593262e-01
3.267806768417358398e-01
2.437965869903564453e-01
3.175867795944213867e-01
3.254021406173706055e-01
2.331093996763229370e-01
3.921377658843994141e-01
4.926894009113311768e-01
4.824017584323883057e-01
3.248521387577056885e-01
3.250186145305633545e-01
3.871619403362274170e-01
3.800776004791259766e-01
2.398188114166259766e-01
3.314503431320190430e-01
3.279761970043182373e-01
3.194709122180938721e-01
4.834590852260589600e-01
3.888951838016510010e-01
3.926893472671508789e-01
4.924983680248260498e-01
3.114432394504547119e-01
4.908217191696166992e-01
4.900363087654113770e-01
3.827830255031585693e-01
4.856170117855072021e-01
4.781511127948760986e-01
3.862390220165252686e-01
4.728560447692871094e-01
4.777508974075317383e-01
3.895726501941680908e-01
3.221447467803955078e-01
3.895288109779357910e-01
3.843588531017303467e-01
4.812558591365814209e-01
3.231216669082641602e-01
3.208643794059753418e-01
3.240985274314880371e-01
3.305205106735229492e-01
4.917705059051513672e-01
3.214493393898010254e-01
3.833443820476531982e-01
3.890359401702880859e-01
3.250773549079895020e-01
0.000000000000000000e+00
0.000000000000000000e+00
0.000000000000000000e+00
0.000000000000000000e+00
0.000000000000000000e+00
0.000000000000000000e+00
0.000000000000000000e+00
0.000000000000000000e+00
0.000000000000000000e+00
0.000000000000000000e+00
0.000000000000000000e+00
0.000000000000000000e+00
0.000000000000000000e+00
0.000000000000000000e+00
0.000000000000000000e+00
0.000000000000000000e+00
0.000000000000000000e+00
0.000000000000000000e+00
1.905334442853927612e-01
3.027862906455993652e-01
0.000000000000000000e+00
0.000000000000000000e+00
2.329704314470291138e-01
3.256447613239288330e-01
0.000000000000000000e+00
2.417159825563430786e-01
3.179803490638732910e-01
0.000000000000000000e+00
0.000000000000000000e+00
0.000000000000000000e+00
0.000000000000000000e+00
0.000000000000000000e+00
2.411226183176040649e-01
0.000000000000000000e+00
0.000000000000000000e+00
2.475659102201461792e-01
0.000000000000000000e+00
0.000000000000000000e+00
3.662784695625305176e-01
0.000000000000000000e+00
0.000000000000000000e+00
3.297524452209472656e-01
1.889009028673171997e-01
0.000000000000000000e+00
0.000000000000000000e+00
3.285357356071472168e-01
0.000000000000000000e+00
0.000000000000000000e+00
0.000000000000000000e+00
0.000000000000000000e+00
2.433444559574127197e-01
2.398962527513504028e-01
3.923256993293762207e-01
3.227801620960235596e-01
3.943828046321868896e-01
3.234325051307678223e-01
3.086092472076416016e-01
3.130417466163635254e-01
2.386704236268997192e-01
3.249349892139434814e-01
3.975561261177062988e-01
4.567016065120697021e-01
3.288475275039672852e-01
3.270909786224365234e-01
3.124826550483703613e-01
3.157674670219421387e-01
4.857232868671417236e-01
4.890728890895843506e-01
3.888058662414550781e-01
3.949017226696014404e-01
3.163511455059051514e-01
1.945079565048217773e-01
3.852106928825378418e-01
2.373040765523910522e-01
3.280211985111236572e-01
3.903408646583557129e-01
3.303050994873046875e-01
2.384063303470611572e-01
3.264775276184082031e-01
3.902117311954498291e-01
4.878371059894561768e-01
3.174877762794494629e-01
2.417682111263275146e-01
3.761399090290069580e-01
3.303292095661163330e-01
4.873595833778381348e-01
6.533768177032470703e-01
3.922993838787078857e-01
3.217552900314331055e-01
2.413890361785888672e-01
4.900137782096862793e-01
2.402066290378570557e-01
3.863520026206970215e-01
3.265471458435058594e-01
1.889396756887435913e-01
3.270073235034942627e-01
2.458609342575073242e-01
3.243666291236877441e-01
3.934378921985626221e-01
2.417201399803161621e-01
4.814808666706085205e-01
0.000000000000000000e+00
2.974855005741119385e-01
3.195592761039733887e-01
3.266993761062622070e-01
2.341343760490417480e-01
1.956305801868438721e-01
0.000000000000000000e+00
3.279277980327606201e-01
0.000000000000000000e+00
3.262417912483215332e-01
0.000000000000000000e+00
0.000000000000000000e+00
3.281596004962921143e-01
3.839627206325531006e-01
0.000000000000000000e+00
3.129336237907409668e-01
0.000000000000000000e+00
0.000000000000000000e+00
3.151661157608032227e-01
0.000000000000000000e+00
2.318719625473022461e-01
2.354607880115509033e-01
3.244335353374481201e-01
0.000000000000000000e+00
3.042051196098327637e-01
3.883156478404998779e-01
3.839753270149230957e-01
4.944287240505218506e-01
3.316446542739868164e-01
0.000000000000000000e+00
3.220455348491668701e-01
3.082588315010070801e-01
0.000000000000000000e+00
3.024085462093353271e-01
2.424692809581756592e-01
0.000000000000000000e+00
0.000000000000000000e+00
2.374169230461120605e-01
0.000000000000000000e+00
3.040250539779663086e-01
3.182364106178283691e-01
3.157754540443420410e-01
3.196027874946594238e-01
3.735268115997314453e-01
2.254898846149444580e-01
3.057741224765777588e-01
3.954100906848907471e-01
3.262602686882019043e-01
2.401226758956909180e-01
5.674294233322143555e-01
7.828871011734008789e-01
5.395216345787048340e-01
5.390672683715820312e-01
5.882908105850219727e-01
3.794646263122558594e-01
7.822322845458984375e-01
3.796617686748504639e-01
3.800754547119140625e-01
7.609242796897888184e-01
3.675086498260498047e-01
7.325412631034851074e-01
5.643208026885986328e-01
5.592108964920043945e-01
4.876236021518707275e-01
4.813372194766998291e-01
4.760106801986694336e-01
5.613135099411010742e-01
7.666049599647521973e-01
7.682105302810668945e-01
4.961214065551757812e-01
7.544061541557312012e-01
3.842797875404357910e-01
3.835445344448089600e-01
5.833301544189453125e-01
4.609371423721313477e-01
7.669709324836730957e-01
4.869485795497894287e-01
5.884028077125549316e-01
6.143049001693725586e-01
5.791874527931213379e-01
3.761286437511444092e-01
4.744052886962890625e-01
6.335414052009582520e-01
4.860166311264038086e-01
5.750477313995361328e-01
7.516145110130310059e-01
4.632412195205688477e-01
3.792190551757812500e-01
7.816373705863952637e-01
7.838458418846130371e-01
5.789549350738525391e-01
7.657465338706970215e-01
5.420534610748291016e-01
7.820135951042175293e-01
5.660778284072875977e-01
7.790191173553466797e-01
5.877682566642761230e-01
5.877441763877868652e-01
4.745757877826690674e-01
0.000000000000000000e+00
3.592393100261688232e-01
3.774589002132415771e-01
0.000000000000000000e+00
0.000000000000000000e+00
0.000000000000000000e+00
4.553335607051849365e-01
4.750184714794158936e-01
7.365745902061462402e-01
4.882901310920715332e-01
5.971866250038146973e-01
5.534338951110839844e-01
3.879157304763793945e-01
7.057486772537231445e-01
4.691939651966094971e-01
6.853454709053039551e-01
6.117297410964965820e-01
3.759167492389678955e-01
2.415960729122161865e-01
1.879834532737731934e-01
3.892408609390258789e-01
3.840972483158111572e-01
3.065135776996612549e-01
5.825294852256774902e-01
0.000000000000000000e+00
0.000000000000000000e+00
3.199791908264160156e-01
0.000000000000000000e+00
7.336995601654052734e-01
2.437562048435211182e-01
2.350525110960006714e-01
0.000000000000000000e+00
0.000000000000000000e+00
0.000000000000000000e+00
7.408013939857482910e-01
2.989555299282073975e-01
0.000000000000000000e+00
3.160570859909057617e-01
5.502721667289733887e-01
3.210887014865875244e-01
3.745032250881195068e-01
4.871445298194885254e-01
4.734810590744018555e-01
0.000000000000000000e+00
2.415572404861450195e-01
2.437749654054641724e-01
3.204474449157714844e-01
3.142628669738769531e-01
3.191928267478942871e-01
0.000000000000000000e+00
4.808665215969085693e-01
7.664574980735778809e-01
8.011756539344787598e-01
4.658530950546264648e-01
3.268257081508636475e-01
5.663896203041076660e-01
5.842644572257995605e-01
8.152564167976379395e-01
6.337906718254089355e-01
4.806441366672515869e-01
9.941943287849426270e-01
5.848001837730407715e-01
3.214469552040100098e-01
9.735391736030578613e-01
3.252651095390319824e-01
3.798180222511291504e-01
6.429896354675292969e-01
7.811170220375061035e-01
9.607500433921813965e-01
0.000000000000000000e+00
1.910385489463806152e-01
5.644273757934570312e-01
5.838159918785095215e-01
3.138874173164367676e-01
7.698627710342407227e-01
5.839613080024719238e-01
5.826308131217956543e-01
3.316640257835388184e-01
3.158994913101196289e-01
5.762754678726196289e-01
4.981449246406555176e-01
9.919453859329223633e-01
7.403680682182312012e-01
3.214384913444519043e-01
5.961238741874694824e-01
5.706482529640197754e-01
9.570664763450622559e-01
9.803659915924072266e-01
3.860619664192199707e-01
5.798501372337341309e-01
5.608228445053100586e-01
4.747726917266845703e-01
3.877364695072174072e-01
5.515778064727783203e-01
9.513011574745178223e-01
5.865735411643981934e-01
3.924185633659362793e-01
9.860084056854248047e-01
3.111421465873718262e-01
4.592632651329040527e-01
7.891487479209899902e-01
7.746650576591491699e-01
7.691127657890319824e-01
7.639722228050231934e-01
7.843722701072692871e-01
7.889148592948913574e-01
7.626608610153198242e-01
7.568009495735168457e-01
7.626013159751892090e-01
7.540869116783142090e-01
5.464158058166503906e-01
7.628590464591979980e-01
5.864709615707397461e-01
7.608949542045593262e-01
7.916213870048522949e-01
7.615274786949157715e-01
3.857727050781250000e-01
7.552880644798278809e-01
5.718705654144287109e-01
2.987326383590698242e-01
0.000000000000000000e+00
5.752310752868652344e-01
7.950538396835327148e-01
3.228167891502380371e-01
5.810504555702209473e-01
4.552571773529052734e-01
6.416964530944824219e-01
7.551630139350891113e-01
1.828325688838958740e-01
7.761842012405395508e-01
4.849279522895812988e-01
3.123159706592559814e-01
3.807902634143829346e-01
3.751448988914489746e-01
5.916035771369934082e-01
4.691441655158996582e-01
3.742909431457519531e-01
5.834468007087707520e-01
7.566510438919067383e-01
7.886596918106079102e-01
7.842685580253601074e-01
7.660502791404724121e-01
7.170688509941101074e-01
0.000000000000000000e+00
5.660272240638732910e-01
5.836023688316345215e-01
0.000000000000000000e+00
3.216481804847717285e-01
7.511816620826721191e-01
7.444024682044982910e-01
0.000000000000000000e+00
0.000000000000000000e+00
0.000000000000000000e+00
1.911741048097610474e-01
0.000000000000000000e+00
0.000000000000000000e+00
1.893370747566223145e-01
3.828733861446380615e-01
0.000000000000000000e+00
0.000000000000000000e+00
0.000000000000000000e+00
0.000000000000000000e+00
0.000000000000000000e+00
0.000000000000000000e+00
3.298759162425994873e-01
1.936824470758438110e-01
1.960245668888092041e-01
0.000000000000000000e+00
3.286936283111572266e-01
5.681807398796081543e-01
1.949237287044525146e-01
3.780363500118255615e-01
0.000000000000000000e+00
2.440735995769500732e-01
2.420002073049545288e-01
3.246706724166870117e-01
3.319362401962280273e-01
3.323915004730224609e-01
1.980051398277282715e-01
0.000000000000000000e+00
3.331011831760406494e-01
3.319874405860900879e-01
3.331301808357238770e-01
3.329399824142456055e-01
1.931401640176773071e-01
3.325002193450927734e-01
3.907210826873779297e-01
3.306427597999572754e-01
3.809926807880401611e-01
3.331530094146728516e-01
3.261547982692718506e-01
3.310517668724060059e-01
3.221306204795837402e-01
0.000000000000000000e+00
3.240780830383300781e-01
0.000000000000000000e+00
1.941124647855758667e-01
0.000000000000000000e+00
0.000000000000000000e+00
0.000000000000000000e+00
0.000000000000000000e+00
0.000000000000000000e+00
0.000000000000000000e+00
0.000000000000000000e+00
0.000000000000000000e+00
0.000000000000000000e+00
0.000000000000000000e+00
0.000000000000000000e+00
0.000000000000000000e+00
0.000000000000000000e+00
1.984423398971557617e-01
0.000000000000000000e+00
0.000000000000000000e+00
3.285100460052490234e-01
3.717149198055267334e-01
0.000000000000000000e+00
0.000000000000000000e+00
0.000000000000000000e+00
0.000000000000000000e+00
0.000000000000000000e+00
0.000000000000000000e+00
0.000000000000000000e+00
0.000000000000000000e+00
0.000000000000000000e+00
0.000000000000000000e+00
0.000000000000000000e+00
0.000000000000000000e+00
0.000000000000000000e+00
0.000000000000000000e+00
0.000000000000000000e+00
1.949277967214584351e-01
0.000000000000000000e+00
0.000000000000000000e+00
0.000000000000000000e+00
0.000000000000000000e+00
0.000000000000000000e+00
0.000000000000000000e+00
0.000000000000000000e+00
3.247241377830505371e-01
0.000000000000000000e+00
0.000000000000000000e+00
0.000000000000000000e+00
0.000000000000000000e+00
0.000000000000000000e+00
0.000000000000000000e+00
0.000000000000000000e+00
0.000000000000000000e+00
0.000000000000000000e+00
0.000000000000000000e+00
0.000000000000000000e+00
3.790296614170074463e-01
3.221453428268432617e-01
7.074045538902282715e-01
9.582174420356750488e-01
0.000000000000000000e+00
3.854926526546478271e-01
0.000000000000000000e+00
3.308912515640258789e-01
3.200186491012573242e-01
3.867208361625671387e-01
9.212047457695007324e-01
0.000000000000000000e+00
5.755746364593505859e-01
1.898017972707748413e-01
5.849031209945678711e-01
3.791207969188690186e-01
3.148270845413208008e-01
9.550411701202392578e-01
0.000000000000000000e+00
0.000000000000000000e+00
3.301815986633300781e-01
9.629547595977783203e-01
0.000000000000000000e+00
3.110848069190979004e-01
9.613339304924011230e-01
0.000000000000000000e+00
0.000000000000000000e+00
4.903947710990905762e-01
3.190461993217468262e-01
0.000000000000000000e+00
0.000000000000000000e+00
3.784290254116058350e-01
0.000000000000000000e+00
5.778250098228454590e-01
3.211360573768615723e-01
0.000000000000000000e+00
3.297050595283508301e-01
0.000000000000000000e+00
9.671701788902282715e-01
2.315450012683868408e-01
0.000000000000000000e+00
9.760486483573913574e-01
7.661893963813781738e-01
3.802749514579772949e-01
8.634412288665771484e-01
0.000000000000000000e+00
7.909497618675231934e-01
5.733852386474609375e-01
0.000000000000000000e+00
3.274176716804504395e-01
9.752920866012573242e-01
2.945801615715026855e-01
0.000000000000000000e+00
0.000000000000000000e+00
0.000000000000000000e+00
9.681261777877807617e-01
3.922119140625000000e-01
0.000000000000000000e+00
0.000000000000000000e+00
0.000000000000000000e+00
0.000000000000000000e+00
0.000000000000000000e+00
0.000000000000000000e+00
5.431576967239379883e-01
0.000000000000000000e+00
9.861332178115844727e-01
3.593516647815704346e-01
0.000000000000000000e+00
0.000000000000000000e+00
3.741984665393829346e-01
5.744546651840209961e-01
0.000000000000000000e+00
3.135612607002258301e-01
3.087148070335388184e-01
1.964115798473358154e-01
9.798094630241394043e-01
3.204284012317657471e-01
0.000000000000000000e+00
3.960569500923156738e-01
3.746683299541473389e-01
0.000000000000000000e+00
0.000000000000000000e+00
0.000000000000000000e+00
0.000000000000000000e+00
7.616696357727050781e-01
9.569005966186523438e-01
7.310315966606140137e-01
7.423526644706726074e-01
0.000000000000000000e+00
0.000000000000000000e+00
0.000000000000000000e+00
5.546730756759643555e-01
3.287539482116699219e-01
8.300970196723937988e-01
0.000000000000000000e+00
0.000000000000000000e+00
3.214359283447265625e-01
0.000000000000000000e+00
0.000000000000000000e+00
0.000000000000000000e+00
9.894371628761291504e-01
4.889985322952270508e-01
4.880056381225585938e-01
4.843744337558746338e-01
3.867082297801971436e-01
2.379544377326965332e-01
4.714093506336212158e-01
3.280837237834930420e-01
0.000000000000000000e+00
4.729793071746826172e-01
3.273982703685760498e-01
3.193491995334625244e-01
4.739581942558288574e-01
2.449000477790832520e-01
2.328914552927017212e-01
3.665544092655181885e-01
3.214481174945831299e-01
4.886509776115417480e-01
3.214477300643920898e-01
5.737078189849853516e-01
2.379447221755981445e-01
5.707340240478515625e-01
2.312770634889602661e-01
3.243840336799621582e-01
4.627911150455474854e-01
9.800975918769836426e-01
7.352988719940185547e-01
7.490137815475463867e-01
4.842346310615539551e-01
2.483758628368377686e-01
2.432916164398193359e-01
4.789828062057495117e-01
7.426788806915283203e-01
7.136508226394653320e-01
3.110532760620117188e-01
3.815068006515502930e-01
7.209594249725341797e-01
2.456825375556945801e-01
4.777836203575134277e-01
4.815311431884765625e-01
3.179314136505126953e-01
4.957688152790069580e-01
3.311437964439392090e-01
4.893634617328643799e-01
0.000000000000000000e+00
3.285581171512603760e-01
6.888872385025024414e-01
3.322798907756805420e-01
9.949582815170288086e-01
3.154041767120361328e-01
4.584418237209320068e-01
4.743510484695434570e-01
4.830831289291381836e-01
0.000000000000000000e+00
3.658007085323333740e-01
1.772674173116683960e-01
4.727993011474609375e-01
4.872147738933563232e-01
7.282721400260925293e-01
7.212612628936767578e-01
3.167039453983306885e-01
4.563234448432922363e-01
2.329205274581909180e-01
6.997779011726379395e-01
6.867033243179321289e-01
4.649664759635925293e-01
2.965304255485534668e-01
7.156581878662109375e-01
5.713532567024230957e-01
4.825042188167572021e-01
5.749719142913818359e-01
5.783269405364990234e-01
4.606994390487670898e-01
3.235053420066833496e-01
0.000000000000000000e+00
3.715006113052368164e-01
4.858725368976593018e-01
4.898990392684936523e-01
4.744903445243835449e-01
7.245024442672729492e-01
2.278729230165481567e-01
4.514627754688262939e-01
2.301416248083114624e-01
9.001529812812805176e-01
2.827301919460296631e-01
2.335314899682998657e-01
4.643354713916778564e-01
5.323104858398437500e-01
3.199120461940765381e-01
6.385297775268554688e-01
2.572449743747711182e-01
3.778926730155944824e-01
5.634735822677612305e-01
2.092284262180328369e-01
9.168010950088500977e-01
4.910420179367065430e-01
7.309884428977966309e-01
7.203594446182250977e-01
7.074773907661437988e-01
7.201619744300842285e-01
3.236291110515594482e-01
3.037838637828826904e-01
9.461493492126464844e-01
3.290825486183166504e-01
3.212394714355468750e-01
3.312597870826721191e-01
1.816629916429519653e-01
7.205241322517395020e-01
7.454194426536560059e-01
9.784795641899108887e-01
9.984340071678161621e-01
4.801718294620513916e-01
3.256818354129791260e-01
9.971294999122619629e-01
2.926428616046905518e-01
3.215364217758178711e-01
9.938647150993347168e-01
9.746285676956176758e-01
3.314409554004669189e-01
4.837348759174346924e-01
4.937665760517120361e-01
4.910850822925567627e-01
7.398643493652343750e-01
1.953924000263214111e-01
9.805656075477600098e-01
4.595144093036651611e-01
7.251181602478027344e-01
9.802219271659851074e-01
0.000000000000000000e+00
3.242906033992767334e-01
9.777220487594604492e-01
4.710363149642944336e-01
9.841223955154418945e-01
0.000000000000000000e+00
9.527874588966369629e-01
9.673429131507873535e-01
3.309498429298400879e-01
3.309365808963775635e-01
2.304985523223876953e-01
3.249825835227966309e-01
3.143695294857025146e-01
7.051954269409179688e-01
4.638854861259460449e-01
9.941596388816833496e-01
1.895373314619064331e-01
1.854225695133209229e-01
3.169710636138916016e-01
1.872296929359436035e-01
3.276772499084472656e-01
2.251887619495391846e-01
9.708800911903381348e-01
3.701011240482330322e-01
4.871809184551239014e-01
9.557256698608398438e-01
9.636116027832031250e-01
5.674644708633422852e-01
7.243841290473937988e-01
7.366516590118408203e-01
9.979650378227233887e-01
6.530177593231201172e-01
3.885935544967651367e-01
7.330406904220581055e-01
4.854367375373840332e-01
9.965565800666809082e-01
9.809039831161499023e-01
9.612337350845336914e-01
9.809147715568542480e-01
9.906364083290100098e-01
9.566856622695922852e-01
9.978643059730529785e-01
9.591650962829589844e-01
9.565679430961608887e-01
0.000000000000000000e+00
9.959249496459960938e-01
7.380965352058410645e-01
3.195149302482604980e-01
9.919707775115966797e-01
5.518270730972290039e-01
7.251947522163391113e-01
9.946115016937255859e-01
9.580684304237365723e-01
9.967081546783447266e-01
9.915035367012023926e-01
9.990967512130737305e-01
9.897741675376892090e-01
4.680923521518707275e-01
9.656210541725158691e-01
9.768254756927490234e-01
9.963224530220031738e-01
7.301888465881347656e-01
9.621145129203796387e-01
7.313644289970397949e-01
9.564267992973327637e-01
2.265578061342239380e-01
7.095135450363159180e-01
3.157514929771423340e-01
7.207090258598327637e-01
7.496060132980346680e-01
9.984872937202453613e-01
7.308610677719116211e-01
