8.116938999999999682e-01
6.639066000000000134e-01
8.100461399999999701e-01
7.704125600000000240e-01
7.555207999999999924e-01
7.663583999999999952e-01
7.789367400000000163e-01
8.037743000000000526e-01
7.261779000000000428e-01
7.340354300000000443e-01
7.956182000000000532e-01
7.706988999999999645e-01
7.461178000000000532e-01
7.977391000000000343e-01
7.531480999999999870e-01
7.530017500000000252e-01
7.563790000000000235e-01
8.186599599999999644e-01
8.347934999999999661e-01
7.521025000000000071e-01
8.340841500000000241e-01
8.469592299999999518e-01
8.069247999999999976e-01
7.559529000000000387e-01
8.357878300000000094e-01
7.979008600000000451e-01
7.790215000000000334e-01
8.468324499999999588e-01
8.295138499999999970e-01
7.870207399999999964e-01
7.866379000000000010e-01
8.164090499999999695e-01
8.354580000000000339e-01
7.891317599999999599e-01
7.128001999999999949e-01
8.735813500000000342e-01
8.625840000000000174e-01
8.550178999999999974e-01
8.441927999999999654e-01
8.381393999999999789e-01
8.193276000000000447e-01
8.515906300000000151e-01
8.523306000000000493e-01
8.418626000000000165e-01
8.581897000000000553e-01
7.582841500000000456e-01
8.169313999999999742e-01
7.293762999999999774e-01
7.296034999999999604e-01
7.936126599999999698e-01
4.399497800000000125e-01
5.666651000000000327e-01
6.877691000000000221e-01
7.628131999999999691e-01
7.585315000000000252e-01
7.638345399999999508e-01
7.570497000000000476e-01
7.490719999999999601e-01
7.572794600000000154e-01
6.569789600000000007e-01
7.983079600000000386e-01
7.218394999999999673e-01
0.000000000000000000e+00
6.856896999999999576e-01
7.361067000000000027e-01
6.847929000000000377e-01
7.169948000000000432e-01
6.749093000000000453e-01
5.546233999999999886e-01
5.610680599999999796e-01
3.107584400000000247e-01
4.950154399999999733e-01
4.187700699999999943e-01
4.777152800000000199e-01
5.059536999999999507e-01
4.100105199999999894e-01
6.931898600000000465e-01
3.427104699999999893e-01
5.824663599999999608e-01
4.035920000000000063e-01
2.635407100000000113e-01
3.306159000000000181e-01
5.432145999999999919e-01
6.584514399999999990e-01
5.207448999999999550e-01
6.680797000000000541e-01
5.276710000000000012e-01
6.874770000000000048e-01
3.617426000000000252e-01
0.000000000000000000e+00
3.771596799999999972e-01
3.742136999999999825e-01
5.971336999999999895e-01
3.575864699999999896e-01
2.572428800000000140e-02
5.049560699999999791e-01
6.898685700000000143e-01
4.300808999999999882e-01
6.300744400000000134e-01
0.000000000000000000e+00
5.821019400000000399e-01
5.922044499999999934e-01
6.453134999999999843e-01
5.523078399999999943e-01
6.764644399999999447e-01
5.475704700000000313e-01
4.412110399999999988e-01
6.466304699999999572e-01
5.738455700000000270e-01
5.784513000000000016e-01
6.574244000000000199e-01
6.205677000000000554e-01
5.641402599999999490e-01
6.506144400000000161e-01
5.768031000000000130e-01
8.068478000000000039e-01
5.777271400000000279e-01
6.630686000000000080e-01
7.029741400000000251e-01
7.354226000000000374e-01
7.782649400000000162e-01
8.189465000000000217e-01
7.597909999999999942e-01
4.992649599999999799e-01
7.772144699999999906e-01
7.299921999999999800e-01
4.536776200000000037e-01
8.276894999999999669e-01
7.560519599999999674e-01
7.759507300000000329e-01
6.549367000000000383e-01
5.519537300000000313e-01
8.006410600000000155e-01
5.381626000000000465e-01
5.879211399999999532e-01
5.742006299999999896e-01
7.056139000000000161e-01
5.945961499999999900e-01
6.332086000000000103e-01
7.665467000000000253e-01
6.422609999999999708e-01
5.741469000000000156e-01
6.733652399999999760e-01
5.350639000000000367e-01
4.679607000000000072e-01
6.531386999999999610e-01
7.401379300000000550e-01
6.676212999999999731e-01
5.378121000000000151e-01
5.983260999999999719e-01
5.000822000000000322e-01
5.577096999999999749e-01
6.811161000000000021e-01
6.604582700000000139e-01
7.016867399999999755e-01
7.422847000000000195e-01
3.300762500000000155e-01
7.129543400000000197e-01
6.186028000000000082e-01
6.889425000000000132e-01
6.096658000000000355e-01
7.524859999999999882e-01
5.621432699999999727e-01
5.206558000000000019e-01
6.095852000000000492e-01
4.175955399999999873e-01
4.941730799999999868e-01
6.885932999999999637e-01
5.945865500000000470e-01
5.999738000000000016e-01
5.502977000000000007e-01
7.109054299999999493e-01
6.442902000000000351e-01
6.168913000000000313e-01
6.980148000000000463e-01
5.733766999999999614e-01
6.283862599999999743e-01
7.811850000000000183e-01
3.094691999999999998e-01
4.762900500000000203e-01
4.172232399999999952e-01
6.571538999999999575e-01
6.895626999999999729e-01
6.974995999999999974e-01
5.540399999999999769e-01
7.351987399999999617e-01
5.827492499999999964e-01
6.233066999999999913e-01
6.125998000000000276e-01
4.694889999999999897e-01
6.254194400000000487e-01
4.726053000000000059e-01
5.026677999999999980e-01
6.783747999999999445e-01
7.059930599999999501e-01
6.963373400000000268e-01
6.785860999999999699e-01
3.249541499999999972e-01
6.048784999999999856e-01
5.900081999999999827e-01
6.225487600000000343e-01
6.590994000000000019e-01
6.748521299999999945e-01
6.424120700000000017e-01
5.748463999999999796e-01
5.728866999999999710e-01
6.881235999999999464e-01
5.586529000000000078e-01
6.079550000000000232e-01
5.657929000000000430e-01
6.087166999999999994e-01
6.133480999999999517e-01
6.399494999999999489e-01
6.027121500000000021e-01
6.162897999999999987e-01
5.709558000000000133e-01
6.067101000000000299e-01
6.238979700000000239e-01
5.621819500000000414e-01
6.097192999999999641e-01
6.198086999999999902e-01
5.939714000000000382e-01
6.042353000000000307e-01
6.480266500000000374e-01
6.122986999999999735e-01
6.972190000000000332e-01
6.391128299999999651e-01
7.460912499999999836e-01
6.019077299999999742e-01
6.747351000000000321e-01
6.717155999999999683e-01
5.998441599999999596e-01
7.353334999999999733e-01
6.842211999999999739e-01
6.574467000000000505e-01
6.886786000000000296e-01
7.157405999999999491e-01
7.095886999999999611e-01
6.998577999999999744e-01
7.107491500000000517e-01
7.034882000000000080e-01
6.704086000000000212e-01
6.751437999999999606e-01
7.066957000000000377e-01
6.065032500000000493e-01
6.629262599999999894e-01
6.607115999999999545e-01
6.465225000000000000e-01
5.878132999999999830e-01
6.690047999999999551e-01
5.101189999999999891e-01
2.307307600000000070e-01
5.111936000000000258e-01
5.486086599999999702e-01
3.117319000000000062e-01
3.511997000000000035e-01
3.211940200000000245e-01
3.477928599999999815e-01
3.132282800000000256e-01
2.509339700000000062e-01
4.292693399999999992e-01
2.291769999999999918e-01
2.748688499999999979e-01
4.768376400000000070e-01
3.790713499999999736e-01
4.709812700000000074e-01
3.353490000000000082e-01
4.094049000000000160e-01
4.455984800000000190e-01
3.324512199999999917e-01
2.483420199999999967e-01
4.499696499999999988e-01
5.335898000000000030e-01
3.799133299999999935e-01
4.307256600000000102e-01
4.470202300000000184e-01
5.273850599999999611e-01
5.464588400000000012e-01
3.343281100000000117e-01
3.719428799999999757e-01
4.375299200000000166e-01
5.205465999999999704e-01
3.882789300000000221e-01
4.749616999999999867e-01
3.542674800000000235e-01
5.910223000000000004e-01
4.487779700000000260e-01
0.000000000000000000e+00
4.258760200000000218e-01
4.483515000000000139e-01
5.118882000000000154e-01
4.113884999999999903e-01
2.673650000000000193e-01
4.749151999999999818e-01
2.962460000000000093e-01
4.250686799999999765e-01
3.322535500000000086e-01
3.946256599999999892e-01
1.789118799999999954e-01
4.233486699999999825e-01
3.062280700000000189e-01
1.949991399999999875e-01
4.132203199999999743e-01
0.000000000000000000e+00
0.000000000000000000e+00
3.995025799999999960e-01
0.000000000000000000e+00
1.644208899999999862e-01
1.761369700000000038e-01
3.358588000000000129e-01
1.832206999999999864e-01
4.849017299999999753e-01
1.265336400000000028e-01
3.686038300000000212e-01
5.206245999999999929e-01
5.760980999999999463e-01
5.633557999999999621e-01
2.385510000000000130e-01
2.952536299999999891e-01
4.137981199999999915e-01
6.396572999999999842e-01
6.764092000000000438e-01
5.536436999999999609e-01
3.308092400000000044e-01
6.011720000000000397e-01
5.281862600000000185e-01
6.451916699999999949e-01
5.954414000000000096e-01
3.840191399999999811e-01
3.099244199999999783e-01
2.575412000000000257e-01
3.936468399999999979e-01
2.411570700000000012e-01
3.002733599999999892e-01
0.000000000000000000e+00
2.327646200000000054e-01
0.000000000000000000e+00
5.964296000000000042e-01
5.509872999999999577e-01
3.397427800000000220e-01
1.529939800000000016e-01
0.000000000000000000e+00
3.239303499999999780e-01
5.878278599999999798e-01
4.775773600000000063e-01
1.585197299999999976e-01
9.797897999999999330e-02
3.256914300000000040e-01
2.860499300000000078e-01
1.467966300000000113e-01
5.240964999999999652e-01
1.977072500000000010e-01
3.991793000000000147e-01
4.778801200000000193e-01
5.810979600000000245e-01
6.528761400000000492e-01
4.420161000000000229e-01
6.308671000000000140e-01
5.069447000000000259e-01
3.749239400000000111e-01
6.093996999999999886e-01
5.247066999999999704e-01
4.988458800000000193e-01
5.371154999999999680e-01
4.561426599999999776e-01
5.202151999999999887e-01
4.556672999999999973e-01
4.223483199999999993e-01
3.479231600000000091e-01
5.824531299999999856e-01
4.214396499999999990e-01
3.463667599999999958e-01
5.312367999999999535e-01
4.176648600000000267e-01
4.700844299999999976e-01
5.509792999999999497e-01
4.086582400000000059e-01
6.002084600000000547e-01
4.843674000000000035e-01
2.887754399999999944e-01
4.938966300000000031e-01
6.114719499999999863e-01
5.266412999999999789e-01
4.751019000000000214e-01
4.158621699999999755e-01
5.120595700000000194e-01
5.989167699999999872e-01
5.116230000000000500e-01
6.257336999999999483e-01
4.649948799999999993e-01
4.959324299999999797e-01
5.302602600000000388e-01
5.050741399999999492e-01
5.700503999999999571e-01
5.609212000000000087e-01
4.866856999999999989e-01
3.552287800000000217e-01
3.314948999999999812e-01
2.967429200000000211e-01
4.925105599999999861e-01
6.354699999999999793e-01
6.663039299999999887e-01
5.768541000000000363e-01
5.893762000000000167e-01
5.971946999999999672e-01
6.639650000000000274e-01
6.763859399999999633e-01
6.689099699999999649e-01
6.527024000000000159e-01
6.551481500000000402e-01
6.877294999999999936e-01
6.475813400000000053e-01
6.096966000000000330e-01
6.521630999999999956e-01
5.067827000000000304e-01
6.174585000000000212e-01
5.600064000000000153e-01
5.719686000000000492e-01
5.686499000000000414e-01
6.244026000000000298e-01
6.545596999999999666e-01
5.940760400000000274e-01
6.443965999999999861e-01
5.456809999999999716e-01
6.246207400000000076e-01
6.420563999999999716e-01
6.367017600000000055e-01
6.512046500000000515e-01
5.989862700000000428e-01
6.123541000000000123e-01
6.436623299999999492e-01
4.992418000000000133e-01
6.249180399999999524e-01
6.243222000000000493e-01
6.411175000000000068e-01
6.794733400000000367e-01
6.572282000000000401e-01
6.209014699999999554e-01
6.284108999999999945e-01
6.096939399999999898e-01
6.676419999999999577e-01
6.550262599999999713e-01
6.327641000000000515e-01
6.654328999999999938e-01
6.438886499999999513e-01
5.623067000000000482e-01
5.812437999999999771e-01
5.906038999999999595e-01
6.674951300000000476e-01
6.672736400000000012e-01
5.175710999999999506e-01
4.321833600000000164e-01
4.884089200000000242e-01
5.264805599999999863e-01
0.000000000000000000e+00
3.774160400000000082e-01
5.260766999999999527e-01
5.359372500000000317e-01
4.280623499999999804e-01
4.660268399999999978e-01
5.265520000000000200e-01
0.000000000000000000e+00
5.326364999999999572e-01
4.053551000000000237e-01
0.000000000000000000e+00
3.225076000000000054e-01
0.000000000000000000e+00
0.000000000000000000e+00
4.891544999999999921e-01
0.000000000000000000e+00
0.000000000000000000e+00
4.831874700000000078e-01
0.000000000000000000e+00
0.000000000000000000e+00
3.555584999999999996e-01
0.000000000000000000e+00
0.000000000000000000e+00
0.000000000000000000e+00
4.177101899999999812e-01
5.024856300000000164e-01
4.552815599999999741e-01
0.000000000000000000e+00
4.036950200000000155e-01
0.000000000000000000e+00
3.715579800000000099e-01
5.434276999999999580e-01
5.382221000000000366e-01
4.498646000000000034e-01
4.871838399999999791e-01
4.860150500000000040e-01
4.788608599999999993e-01
3.505267000000000244e-01
4.734361200000000158e-01
3.851912000000000114e-01
5.584630999999999901e-01
0.000000000000000000e+00
0.000000000000000000e+00
4.141759300000000255e-01
0.000000000000000000e+00
4.895785999999999749e-01
2.944984399999999725e-01
1.961917300000000086e-01
9.743190599999999868e-02
2.365021999999999958e-01
2.956496499999999861e-01
2.997421299999999955e-01
3.076193999999999873e-01
3.113345000000000140e-01
6.078295000000000226e-01
5.215874000000000343e-01
7.781001999999999363e-02
5.252903700000000065e-01
4.575640599999999947e-01
5.567885000000000195e-01
6.107011399999999757e-01
5.315370999999999846e-01
5.507195000000000285e-01
6.287045500000000287e-01
6.590264399999999911e-01
6.570740299999999756e-01
6.444318999999999464e-01
5.076582400000000383e-01
6.098670000000000480e-01
2.067922799999999950e-01
3.502049700000000043e-01
3.554561700000000157e-01
3.797986500000000154e-01
3.853461400000000037e-01
0.000000000000000000e+00
3.792597400000000119e-01
3.792597400000000119e-01
3.712103400000000275e-01
5.542744400000000349e-01
3.765689700000000029e-01
3.055075700000000061e-01
2.337391699999999961e-01
4.290354299999999954e-01
2.848459500000000144e-01
2.478582599999999969e-01
2.149150200000000122e-01
3.184130499999999753e-01
2.412182200000000110e-01
2.043464999999999865e-01
2.220140700000000078e-01
1.799091100000000110e-01
3.428457400000000099e-01
2.241866700000000046e-01
2.977425499999999947e-01
3.502049700000000043e-01
1.415572200000000114e-01
3.667401699999999765e-01
4.591336999999999779e-01
4.004914500000000266e-01
3.789796999999999749e-01
3.642914600000000114e-01
3.373082600000000264e-01
4.679988600000000165e-01
4.397425400000000151e-01
5.048148000000000080e-01
4.842999599999999738e-01
4.719457300000000077e-01
3.225634399999999791e-01
2.718651300000000104e-01
4.539255799999999952e-01
4.630709599999999759e-01
4.778724300000000147e-01
4.734267600000000020e-01
4.510065999999999797e-01
1.288391999999999871e-01
5.390746600000000388e-01
5.413044999999999662e-01
5.417514399999999730e-01
5.710043000000000202e-01
4.165993599999999741e-01
4.032460500000000225e-01
3.953069000000000166e-01
4.341742000000000101e-01
4.131817199999999746e-01
5.196543999999999608e-01
2.728435699999999797e-01
6.333993700000000171e-01
5.772829999999999906e-01
5.962933000000000261e-01
2.932577000000000100e-01
4.427742700000000253e-01
5.520822399999999464e-01
4.951882699999999859e-01
2.534496199999999866e-01
4.431332000000000049e-01
4.605372999999999828e-01
2.976611000000000118e-01
5.052788000000000279e-01
3.140031699999999981e-01
5.018210400000000515e-01
4.778724300000000147e-01
5.266000600000000365e-01
5.085271999999999570e-01
5.278711999999999849e-01
4.069492000000000109e-01
4.080130200000000040e-01
6.803702000000000361e-01
7.874657499999999644e-01
7.022477000000000302e-01
7.149953000000000003e-01
5.838417000000000190e-01
6.187812000000000312e-01
6.458000499999999588e-01
7.520562400000000425e-01
6.990045000000000286e-01
7.376168400000000513e-01
7.786318700000000037e-01
7.173648000000000247e-01
6.557795400000000496e-01
7.926087000000000549e-01
7.258482600000000229e-01
6.375938700000000070e-01
6.462246000000000379e-01
7.205416599999999727e-01
6.279141999999999779e-01
7.409504000000000090e-01
7.409354400000000007e-01
6.450782400000000250e-01
6.928277000000000463e-01
7.344918999999999754e-01
7.179986000000000423e-01
7.052901400000000098e-01
7.286987000000000325e-01
7.730117399999999472e-01
6.672384000000000093e-01
7.862858999999999821e-01
6.463710700000000475e-01
6.920439000000000451e-01
7.605739999999999723e-01
7.925277400000000361e-01
6.729588499999999973e-01
7.511358999999999675e-01
7.241648400000000318e-01
7.882269600000000320e-01
7.333830000000000071e-01
7.094081599999999543e-01
7.835769999999999680e-01
7.596754000000000007e-01
8.183034000000000141e-01
7.912510600000000061e-01
7.461840499999999876e-01
5.603863999999999512e-01
5.938200000000000145e-01
6.105969500000000272e-01
7.247104599999999452e-01
6.187196999999999836e-01
4.697327600000000269e-01
3.681872999999999951e-01
4.124725200000000092e-01
2.680795799999999840e-01
0.000000000000000000e+00
0.000000000000000000e+00
3.406285299999999849e-01
3.372282999999999809e-01
0.000000000000000000e+00
0.000000000000000000e+00
0.000000000000000000e+00
0.000000000000000000e+00
2.452302899999999897e-01
4.697265600000000152e-01
0.000000000000000000e+00
0.000000000000000000e+00
0.000000000000000000e+00
0.000000000000000000e+00
0.000000000000000000e+00
3.062229200000000096e-01
0.000000000000000000e+00
1.669299000000000130e-02
2.056440999999999963e-01
0.000000000000000000e+00
3.062852999999999826e-01
0.000000000000000000e+00
3.942493000000000247e-01
0.000000000000000000e+00
0.000000000000000000e+00
3.471524400000000066e-01
0.000000000000000000e+00
0.000000000000000000e+00
0.000000000000000000e+00
0.000000000000000000e+00
2.289761200000000052e-01
2.010206900000000019e-01
1.881761399999999917e-01
0.000000000000000000e+00
0.000000000000000000e+00
0.000000000000000000e+00
0.000000000000000000e+00
0.000000000000000000e+00
1.767823799999999890e-01
2.139631700000000081e-01
3.709279300000000168e-01
2.433583699999999905e-01
3.963592400000000016e-01
2.282696399999999959e-01
2.652862000000000275e-01
0.000000000000000000e+00
3.049752399999999808e-01
4.728846500000000175e-01
2.590486000000000177e-01
2.123627200000000048e-01
0.000000000000000000e+00
3.038613800000000142e-01
3.661077600000000043e-01
4.179980500000000099e-01
3.792754999999999876e-01
1.260076300000000094e-01
3.620579199999999775e-01
0.000000000000000000e+00
4.699027499999999802e-01
4.073497999999999841e-01
8.206160999999999595e-01
6.164089999999999847e-01
8.345375000000000432e-01
5.139567999999999914e-01
7.471130000000000271e-01
6.102788000000000102e-01
6.550504999999999800e-01
4.661585400000000101e-01
3.098201999999999900e-01
3.064706600000000059e-01
4.328619200000000111e-01
2.489443699999999982e-01
0.000000000000000000e+00
3.550717800000000035e-01
0.000000000000000000e+00
4.798670700000000067e-01
4.077764700000000020e-01
2.429215899999999928e-01
5.889014000000000193e-01
2.486816799999999883e-01
3.191971200000000009e-01
7.428975700000000071e-01
1.965220000000000022e-01
2.911974999999999980e-01
3.048749000000000042e-01
2.563972800000000052e-01
5.747002399999999733e-01
7.703607999999999567e-01
4.287148000000000070e-01
0.000000000000000000e+00
2.938579299999999894e-01
2.069810599999999945e-01
2.436194000000000137e-01
2.648914199999999886e-01
2.798549200000000070e-01
2.906636300000000062e-01
5.638368999999999742e-01
5.646837999999999580e-01
5.479821999999999749e-01
7.666809999999999459e-01
5.251981599999999695e-01
7.013949999999999907e-01
4.111967699999999892e-01
2.514571199999999784e-01
6.175167000000000295e-01
7.112625999999999671e-01
6.701553500000000385e-01
6.531635500000000372e-01
2.935833600000000154e-01
3.405048500000000256e-01
7.125966000000000244e-01
4.746757099999999729e-01
4.694379300000000033e-01
4.428586999999999940e-01
5.164636999999999700e-01
6.236211000000000393e-01
5.518198600000000509e-01
3.425804399999999861e-01
4.594257999999999953e-01
5.574904000000000526e-01
7.243297699999999839e-01
0.000000000000000000e+00
4.394456400000000262e-01
6.176203000000000110e-01
6.732776000000000316e-01
7.000618600000000358e-01
5.147487499999999772e-01
7.331390399999999641e-01
4.247256200000000259e-01
4.696789000000000103e-01
6.966651000000000371e-01
7.030722999999999834e-01
0.000000000000000000e+00
4.334096000000000060e-01
6.069112399999999630e-01
3.325833999999999735e-01
6.315971599999999908e-01
4.109901499999999985e-01
5.812034600000000051e-01
5.300899999999999501e-01
3.298294800000000082e-01
3.573902999999999941e-01
6.598062000000000094e-01
2.712444700000000153e-01
3.438203300000000073e-01
5.855682500000000124e-01
5.841887999999999526e-01
2.909718499999999763e-01
4.680813799999999913e-01
5.034154699999999760e-01
4.806775699999999985e-01
5.483773400000000464e-01
4.900497999999999799e-01
6.666575700000000326e-01
5.619529500000000066e-01
6.488076400000000188e-01
5.794675000000000242e-01
4.825115500000000113e-01
2.330989099999999925e-01
4.874234800000000201e-01
3.934203000000000006e-01
5.650865000000000471e-01
1.849826400000000037e-01
4.664401000000000241e-01
6.070503600000000111e-01
4.262431300000000256e-01
5.027401400000000020e-01
6.342193999999999887e-01
5.598115999999999648e-01
2.987093299999999951e-01
6.386114999999999986e-01
4.919974799999999870e-01
4.397647700000000270e-01
1.996182999999999985e-01
1.732094999999999885e-01
5.119181000000000425e-01
2.349690000000000112e-01
5.798335000000000017e-01
5.858400000000000274e-01
5.710103499999999999e-01
2.255757200000000073e-01
5.619431000000000287e-01
5.015960000000000418e-01
5.877471600000000462e-01
2.168028399999999967e-01
6.062805700000000186e-01
4.728243599999999991e-01
6.260898000000000296e-01
6.415248000000000062e-01
4.918225999999999987e-01
2.297745300000000046e-01
5.594545600000000452e-01
5.443778999999999701e-01
2.075360099999999930e-01
4.542738499999999791e-01
5.499794500000000363e-01
0.000000000000000000e+00
0.000000000000000000e+00
3.122125000000000039e-01
1.274811899999999942e-01
1.449641999999999875e-01
1.486377399999999904e-01
1.113583900000000015e-01
2.227087500000000109e-01
5.377074499999999757e-01
1.984650500000000040e-01
2.118246099999999965e-01
1.938984099999999933e-01
0.000000000000000000e+00
2.651612199999999753e-01
0.000000000000000000e+00
1.763141000000000014e-01
3.721064299999999880e-01
0.000000000000000000e+00
1.571292599999999928e-01
1.214251400000000009e-01
1.721020299999999892e-01
1.605882499999999879e-01
1.956086300000000056e-01
1.354625399999999924e-01
0.000000000000000000e+00
3.210270700000000255e-01
3.256950399999999912e-01
1.229172099999999990e-01
1.179520200000000046e-01
0.000000000000000000e+00
1.580999600000000116e-01
0.000000000000000000e+00
3.230335699999999921e-01
0.000000000000000000e+00
1.789295999999999942e-01
3.692039300000000135e-01
3.570975699999999753e-01
2.388572099999999865e-01
3.214637599999999873e-01
3.308746200000000082e-01
1.576288200000000028e-01
2.945466600000000157e-01
1.504982599999999948e-01
1.451970300000000047e-01
1.373996299999999948e-01
1.528132000000000101e-01
3.457684999999999786e-01
1.505491700000000099e-01
1.504430300000000054e-01
3.743530500000000205e-01
3.835776200000000080e-01
5.738679000000000002e-02
0.000000000000000000e+00
5.707723500000000394e-01
3.008417800000000031e-01
0.000000000000000000e+00
6.455986500000000516e-01
6.245091999999999866e-01
6.882090600000000391e-01
0.000000000000000000e+00
6.586404399999999937e-01
6.926800600000000419e-01
0.000000000000000000e+00
6.094252999999999476e-01
7.174876300000000429e-01
5.789935999999999972e-01
7.004515999999999520e-01
7.423696499999999920e-01
6.607144000000000350e-01
1.977363099999999985e-01
6.680475999999999637e-01
7.435217499999999813e-01
4.485798500000000022e-01
1.654432399999999914e-01
3.441640000000000255e-01
6.092120399999999547e-01
1.360491799999999918e-01
2.858723699999999868e-01
2.019044000000000116e-01
6.474808499999999967e-01
3.954000999999999766e-01
0.000000000000000000e+00
4.347015599999999869e-01
5.988272399999999829e-01
3.123420000000000085e-01
7.249681399999999831e-01
5.068332599999999522e-01
4.007091799999999981e-01
6.585505000000000386e-01
1.372789600000000054e-01
6.387184999999999668e-01
4.895315199999999978e-01
1.500357200000000113e-01
6.141593499999999928e-01
4.943336999999999870e-01
5.234864000000000184e-02
0.000000000000000000e+00
4.180246599999999924e-01
0.000000000000000000e+00
5.902554000000000134e-02
6.960526000000000213e-01
6.744661299999999970e-01
5.945588400000000329e-01
1.636309200000000130e-01
7.289379999999999749e-01
3.826844999999999830e-01
3.123420000000000085e-01
5.894789000000000279e-01
3.880405000000000104e-01
4.794077600000000161e-01
4.300152400000000208e-01
5.042236399999999730e-01
5.185553400000000313e-01
1.749502099999999949e-01
6.254006600000000526e-01
1.196285700000000035e-01
7.457614500000000479e-01
5.704342000000000024e-01
5.735396000000000383e-01
6.115513399999999988e-01
7.407259999999999955e-01
3.688615000000000088e-01
6.528144999999999643e-01
1.115180499999999936e-01
6.647495599999999616e-01
6.468341399999999464e-01
7.379018000000000521e-01
4.447934000000000054e-01
6.133401000000000547e-01
6.843073400000000417e-01
4.474219700000000022e-01
6.518382400000000132e-01
2.270595599999999936e-01
7.471515499999999976e-01
2.633742399999999817e-01
4.055971800000000016e-01
2.528508600000000106e-01
5.379062000000000010e-01
4.023716199999999854e-01
7.043835000000000512e-01
4.110535399999999950e-01
4.921700999999999993e-01
6.256865999999999817e-01
1.463603800000000121e-01
2.713110699999999875e-01
6.001833699999999938e-01
5.560796999999999546e-01
4.260045000000000082e-01
0.000000000000000000e+00
5.192522000000000526e-01
4.810979699999999859e-01
3.903624399999999772e-01
5.257711400000000257e-01
4.713423600000000158e-01
3.216912000000000105e-01
4.087065200000000176e-01
3.464049000000000156e-01
5.600813000000000041e-01
2.873499400000000259e-01
5.835714300000000021e-01
1.275546599999999864e-01
1.961579800000000096e-01
4.885240800000000272e-01
1.427617999999999943e-01
5.258311599999999641e-01
2.245316800000000113e-01
4.668660000000000032e-01
4.248863800000000079e-01
4.149671999999999805e-01
5.354875000000000052e-01
5.731575500000000156e-01
1.519447100000000106e-01
6.213982700000000303e-01
4.524795999999999818e-01
5.010314000000000156e-01
2.348077100000000028e-01
5.144433400000000267e-01
1.562328500000000064e-01
2.338081399999999976e-01
5.804093999999999642e-01
3.102016400000000007e-01
3.350936500000000207e-01
4.361161299999999907e-01
2.928250000000000020e-01
7.633573999999999637e-01
2.062640799999999885e-01
2.338065500000000019e-01
6.500919499999999740e-01
4.349517800000000101e-01
4.204573300000000180e-01
4.790777999999999981e-01
5.968856999999999635e-01
5.379973999999999590e-01
5.627931999999999935e-01
4.223220300000000149e-01
5.927295000000000202e-01
5.720385000000000053e-01
2.550181999999999727e-01
0.000000000000000000e+00
7.170773000000000286e-01
3.420719500000000135e-01
4.097948699999999778e-01
4.734453599999999818e-01
7.153779999999999584e-01
5.274706999999999590e-01
4.422560300000000222e-01
5.140340300000000306e-01
6.938621999999999845e-01
6.346794399999999836e-01
4.174595799999999968e-01
3.218833000000000111e-02
0.000000000000000000e+00
3.408399799999999868e-01
3.850843999999999934e-01
0.000000000000000000e+00
4.817402700000000260e-01
5.332871000000000139e-01
3.637542999999999749e-01
3.172676999999999858e-01
5.011756400000000333e-01
2.114678899999999917e-01
5.205056000000000127e-01
2.896636699999999842e-01
4.332148699999999741e-01
3.848705000000000043e-01
7.175262999999999503e-01
2.662177700000000202e-01
4.233870000000000133e-01
3.330708700000000189e-01
2.589046700000000034e-01
4.863648500000000013e-02
3.920835599999999976e-01
5.033783299999999850e-01
3.821744300000000094e-01
4.915170700000000004e-01
5.030311299999999930e-01
6.802622999999999864e-01
4.059018500000000085e-01
3.260038199999999997e-01
3.598827399999999788e-01
4.416835599999999751e-01
0.000000000000000000e+00
2.743757700000000188e-01
3.044091399999999947e-02
3.174128999999999978e-01
5.815808000000000089e-01
3.844570199999999827e-01
4.452651000000000248e-01
2.307383699999999982e-01
4.234792000000000001e-01
2.490508999999999917e-01
1.052685099999999957e-01
1.037523749999999939e-01
5.905187000000000110e-03
1.053337599999999985e-01
3.109776699999999838e-01
0.000000000000000000e+00
0.000000000000000000e+00
3.944109700000000274e-01
4.169856000000000118e-01
4.088095999999999952e-01
2.303464899999999871e-01
9.316829599999999767e-02
2.610254599999999869e-01
4.721276799999999940e-01
7.208321699999999943e-01
6.102554999999999508e-01
0.000000000000000000e+00
3.408157199999999887e-01
6.978223999999999538e-01
6.492665399999999476e-01
5.002944499999999461e-01
7.328518600000000216e-01
1.210405099999999935e-02
7.746338999999999864e-01
1.609834400000000054e-01
1.904480199999999956e-01
5.589859999999999829e-01
3.328591000000000188e-01
4.926124000000000058e-01
3.734413999999999789e-01
4.859248400000000245e-01
0.000000000000000000e+00
5.734426000000000245e-01
7.752415000000000000e-02
1.932796099999999906e-01
0.000000000000000000e+00
0.000000000000000000e+00
2.347450299999999934e-01
6.762351399999999568e-01
6.268700400000000172e-01
0.000000000000000000e+00
5.366987600000000525e-01
2.624964000000000186e-01
6.389268000000000169e-01
1.881815799999999872e-01
0.000000000000000000e+00
5.016021999999999981e-01
0.000000000000000000e+00
1.542426299999999917e-01
3.375578499999999926e-01
4.109401999999999777e-01
7.301847299999999485e-01
7.331503000000000325e-01
6.576980999999999522e-01
6.428994000000000097e-01
5.106735999999999498e-01
3.135508000000000184e-01
5.112421999999999800e-01
3.439415000000000111e-01
4.932989999999999875e-01
7.101520000000000055e-01
5.770330000000000181e-01
7.294561000000000517e-01
5.356263500000000288e-01
7.326574999999999616e-01
6.343950000000000422e-01
7.342336999999999891e-01
7.656076000000000548e-01
6.831542000000000447e-01
7.132641699999999751e-01
7.346253999999999840e-01
7.044578999999999702e-01
6.222809999999999730e-01
6.863911999999999791e-01
7.156409999999999716e-01
7.102119300000000468e-01
6.940799399999999508e-01
7.626463999999999466e-01
7.520474999999999799e-01
2.519884700000000199e-01
7.664611999999999536e-01
7.844984499999999583e-01
6.388502000000000347e-01
6.358520399999999517e-01
7.776994000000000407e-01
7.775897000000000503e-01
6.165862699999999919e-01
7.847593000000000485e-01
6.712647000000000475e-01
6.367386600000000119e-01
5.595473600000000491e-01
7.439856000000000247e-01
5.985129000000000143e-01
7.692662000000000111e-01
5.225985600000000453e-01
4.383548800000000023e-01
7.098444699999999496e-01
6.503883599999999987e-01
8.030534999999999757e-01
5.900637499999999980e-01
5.405212000000000350e-01
5.217858600000000457e-01
5.660429599999999839e-01
4.912984000000000240e-01
6.017689000000000510e-01
4.561469599999999902e-01
4.815389999999999948e-01
4.433690599999999815e-01
4.839714800000000094e-01
5.045274499999999884e-01
4.047791700000000215e-01
5.756297999999999693e-01
4.895622399999999819e-01
3.681979499999999961e-01
6.048249599999999671e-01
5.292185499999999543e-01
5.282670999999999895e-01
5.426419399999999893e-01
4.167813400000000001e-01
3.467537500000000272e-01
5.655360000000000387e-01
5.342856599999999956e-01
6.025844999999999674e-01
6.287542000000000408e-01
5.426100000000000367e-01
5.427931000000000283e-01
5.496415500000000343e-01
5.279367600000000049e-01
5.784681400000000195e-01
5.590783400000000070e-01
5.739627499999999660e-01
4.850068000000000157e-01
4.309351000000000154e-01
5.446518000000000193e-01
4.259471300000000071e-01
5.415854500000000238e-01
4.894465499999999802e-01
5.434118000000000004e-01
4.737534800000000046e-01
5.321792400000000534e-01
5.792635000000000423e-01
5.309318299999999935e-01
5.829152499999999959e-01
4.990821200000000180e-01
3.441622599999999976e-01
5.887807000000000457e-01
5.670854400000000517e-01
5.674384999999999568e-01
5.504097300000000414e-01
1.431509599999999938e-01
0.000000000000000000e+00
2.527364200000000172e-01
2.014561400000000058e-01
2.921787800000000268e-01
0.000000000000000000e+00
1.988937000000000066e-01
2.525139499999999870e-01
3.466752799999999867e-03
0.000000000000000000e+00
1.839969499999999925e-01
2.190269499999999980e-01
2.125437599999999982e-01
3.043694200000000016e-01
6.707728000000000301e-02
2.709538300000000066e-01
0.000000000000000000e+00
2.374179800000000007e-01
3.037171000000000176e-01
0.000000000000000000e+00
0.000000000000000000e+00
2.175874700000000050e-01
1.171687000000000006e-01
2.764086399999999832e-01
2.330707999999999946e-01
0.000000000000000000e+00
2.682144000000000195e-01
2.152483900000000117e-01
0.000000000000000000e+00
0.000000000000000000e+00
0.000000000000000000e+00
0.000000000000000000e+00
0.000000000000000000e+00
0.000000000000000000e+00
3.444376599999999788e-01
0.000000000000000000e+00
2.864572000000000229e-01
0.000000000000000000e+00
0.000000000000000000e+00
2.292344099999999996e-01
2.218511800000000089e-01
3.322041600000000261e-01
5.228819000000000002e-03
6.101880700000000303e-03
2.574523400000000017e-01
2.486605600000000027e-01
0.000000000000000000e+00
0.000000000000000000e+00
0.000000000000000000e+00
0.000000000000000000e+00
6.025182000000000038e-01
6.130748000000000308e-01
6.204842299999999700e-01
6.540612000000000092e-01
5.786528600000000466e-01
3.421296200000000232e-01
6.085447699999999571e-01
5.631251000000000451e-01
5.071044000000000107e-01
5.318165999999999727e-01
6.204450000000000243e-01
5.488357499999999556e-01
4.787812799999999758e-01
5.521455400000000457e-01
6.411037000000000541e-01
5.478264000000000467e-01
5.887067999999999746e-01
6.292290999999999856e-01
6.005316000000000543e-01
6.010834999999999928e-01
6.300520299999999851e-01
6.321478000000000375e-01
6.082547299999999657e-01
5.249764000000000097e-01
3.038709199999999888e-01
4.628172999999999870e-01
5.756542000000000048e-01
2.829286799999999880e-01
4.223893300000000073e-01
5.991292000000000284e-01
5.240413000000000432e-01
3.434909300000000276e-01
5.114443300000000026e-01
6.263420600000000338e-01
5.909180000000000543e-01
5.813768000000000269e-01
5.715519000000000016e-01
5.643399999999999528e-01
4.037971499999999936e-01
5.827240999999999671e-01
5.987890000000000157e-01
5.545665600000000417e-01
5.489623000000000141e-01
2.516645499999999869e-01
3.921230399999999783e-01
5.930887500000000534e-01
5.157214399999999754e-01
6.250512000000000290e-01
5.751804000000000361e-01
5.090778999999999721e-01
2.751034500000000271e-01
0.000000000000000000e+00
0.000000000000000000e+00
4.006368499999999888e-01
6.006617499999999943e-01
3.679308299999999865e-01
4.618095199999999734e-01
1.159982799999999953e-01
4.107758400000000032e-01
0.000000000000000000e+00
1.628421700000000083e-01
0.000000000000000000e+00
1.456139399999999973e-01
0.000000000000000000e+00
0.000000000000000000e+00
1.198800299999999985e-01
0.000000000000000000e+00
0.000000000000000000e+00
0.000000000000000000e+00
7.808519999999999350e-02
0.000000000000000000e+00
0.000000000000000000e+00
2.534908699999999793e-01
0.000000000000000000e+00
3.782996200000000031e-01
0.000000000000000000e+00
5.807978999999999919e-02
1.818735700000000122e-01
4.738205400000000123e-01
2.314970299999999925e-01
1.916147500000000004e-01
3.741839800000000271e-01
4.800869199999999726e-01
3.208387200000000217e-01
0.000000000000000000e+00
3.980182999999999915e-01
3.505875500000000256e-01
0.000000000000000000e+00
0.000000000000000000e+00
0.000000000000000000e+00
1.716104099999999910e-01
5.920178000000000246e-02
0.000000000000000000e+00
3.249290599999999918e-01
1.744933399999999968e-01
0.000000000000000000e+00
2.174834499999999948e-01
0.000000000000000000e+00
2.440655700000000095e-01
3.903760299999999850e-01
6.819956299999999638e-01
8.184300700000000095e-01
6.428088499999999872e-01
4.548347300000000204e-01
8.155297999999999714e-01
7.358354000000000283e-01
6.633586999999999678e-01
5.842306600000000127e-01
6.697393999999999847e-01
7.188124000000000180e-01
6.793300500000000186e-01
7.727749299999999710e-01
6.939737999999999740e-01
7.299861300000000108e-01
7.634735999999999745e-01
6.827673300000000056e-01
8.322819500000000481e-01
6.627056599999999742e-01
8.257345999999999853e-01
8.385954500000000200e-01
8.151108599999999926e-01
6.494986400000000160e-01
6.775073000000000345e-01
7.507211000000000301e-01
7.122212599999999671e-01
6.484360700000000310e-01
8.460153999999999730e-01
8.175251000000000046e-01
8.517791999999999586e-01
5.459437400000000107e-01
3.931510200000000177e-01
7.070321000000000522e-01
6.652310999999999641e-01
6.738570299999999680e-01
6.701194000000000317e-01
7.244202499999999878e-01
6.834888000000000075e-01
7.046516000000000446e-01
7.590074500000000279e-01
7.248348599999999697e-01
7.885828000000000282e-01
7.300291700000000050e-01
6.967451599999999745e-01
6.658089999999999842e-01
7.198272000000000004e-01
6.390416599999999558e-01
6.862289000000000305e-01
6.890374400000000010e-01
4.495202600000000048e-01
6.220841400000000077e-01
6.157706400000000357e-01
7.612748000000000292e-01
6.136198999999999959e-01
5.386646000000000489e-01
6.021936500000000247e-01
5.924650999999999668e-01
6.579445999999999906e-01
4.120643399999999734e-01
3.401646300000000234e-01
6.506992999999999805e-01
7.491929999999999978e-01
5.929377700000000306e-01
7.918749000000000482e-01
4.893048999999999871e-01
6.005114299999999572e-01
3.589339599999999963e-01
6.245156499999999777e-01
2.560974400000000095e-01
2.281411100000000081e-01
3.640542299999999787e-01
5.286230400000000440e-01
5.623883600000000316e-01
4.403551499999999730e-01
6.017734000000000139e-01
5.633801000000000503e-01
3.035551300000000063e-01
5.851579300000000483e-01
4.518603400000000270e-01
4.355691999999999897e-01
0.000000000000000000e+00
5.862724999999999742e-01
6.237694599999999978e-01
4.707934599999999969e-01
2.888022399999999879e-01
7.683987599999999585e-01
3.786113300000000237e-01
6.120176999999999978e-01
6.196547000000000027e-01
0.000000000000000000e+00
2.854835399999999801e-01
5.534238999999999686e-01
5.210023999999999766e-01
6.722832300000000094e-01
3.976656000000000080e-01
0.000000000000000000e+00
3.975865800000000227e-01
5.189962000000000186e-01
4.492229200000000255e-01
6.307633000000000267e-01
0.000000000000000000e+00
6.352863300000000102e-01
6.051695299999999555e-01
7.284650999999999765e-01
7.449078000000000088e-01
2.303655099999999956e-01
6.522244000000000375e-01
6.961484000000000005e-01
8.369739999999999958e-01
6.906100499999999753e-01
6.617382000000000541e-01
6.764308999999999461e-01
4.062595399999999746e-01
0.000000000000000000e+00
7.623564999999999925e-01
6.790907400000000260e-01
6.297920999999999658e-01
7.979898500000000006e-01
7.885761999999999494e-01
7.223625999999999658e-01
4.251678300000000243e-01
6.673278999999999739e-01
6.633040300000000444e-01
2.304276000000000102e-01
4.266114500000000032e-01
6.837166000000000077e-01
6.580658999999999814e-01
3.899191300000000027e-01
5.102473499999999884e-01
2.651234599999999775e-01
7.166843400000000308e-01
8.080190000000000428e-01
7.150414999999999965e-01
6.833036500000000402e-01
2.495503099999999974e-01
6.957797000000000009e-01
7.023833400000000227e-01
6.664420399999999578e-01
7.027158000000000015e-01
7.861492599999999609e-01
7.307908499999999918e-01
4.089372000000000007e-01
6.592006700000000441e-01
6.316790599999999589e-01
5.066161000000000136e-01
7.173238400000000459e-01
6.468406300000000275e-01
3.621292999999999873e-01
6.882282499999999859e-01
6.011087000000000513e-01
6.641769400000000489e-01
8.294356000000000506e-01
7.802127599999999497e-01
7.597753400000000212e-01
6.564855600000000235e-01
6.331121299999999952e-01
7.015472699999999451e-01
5.734846599999999794e-01
6.095947600000000133e-01
5.064437000000000522e-01
5.402784000000000475e-01
6.953087399999999807e-01
4.644575000000000231e-01
7.615091000000000498e-01
7.599145999999999956e-01
7.620734599999999803e-01
7.013567699999999627e-01
3.856186600000000020e-01
6.660348999999999853e-01
5.915734000000000270e-01
7.293088399999999583e-01
6.719718599999999764e-01
6.676729999999999610e-01
6.510507500000000114e-01
7.883366299999999827e-01
5.664940000000000531e-01
3.695467399999999847e-01
5.629670599999999636e-01
6.561339499999999658e-01
2.678675999999999835e-01
7.338021399999999916e-01
5.472305400000000430e-01
4.758830399999999794e-01
8.523017999999999983e-01
8.441769999999999552e-01
7.167999999999999927e-01
8.795933999999999697e-01
8.549315299999999951e-01
7.729386999999999786e-01
7.824383999999999784e-01
7.047407599999999661e-01
8.190115000000000034e-01
7.576619399999999782e-01
7.017339999999999689e-01
3.311094299999999824e-01
6.954024399999999551e-01
8.002289999999999681e-01
3.935982000000000092e-01
6.958056000000000241e-01
7.213509000000000171e-01
6.998453000000000035e-01
2.185892600000000074e-01
3.841221300000000061e-01
3.786175999999999986e-01
6.948598599999999958e-01
3.560171400000000097e-01
2.026560000000000028e-01
6.296903499999999543e-01
2.031008199999999875e-01
4.604864399999999969e-01
5.212108500000000033e-01
6.197725499999999776e-01
4.217119500000000021e-01
5.984418999999999711e-01
5.555928999999999451e-01
5.100873000000000212e-01
6.857048000000000032e-01
3.274503599999999959e-01
0.000000000000000000e+00
4.328842800000000102e-01
4.449968999999999730e-01
3.772413700000000203e-01
5.669640999999999709e-01
5.504007300000000047e-01
4.992465999999999848e-01
6.318295000000000439e-01
6.899847599999999956e-03
7.275171000000000276e-01
7.129593499999999917e-01
7.673027000000000042e-01
6.862468999999999930e-01
6.525256000000000389e-01
6.467021499999999617e-03
6.156675999999999815e-01
6.365717600000000420e-01
4.391419999999999768e-01
6.897729000000000221e-01
8.067438999999999583e-01
7.573628000000000027e-01
6.888942000000000121e-01
5.912030999999999814e-01
7.590031000000000416e-01
6.678695999999999522e-01
5.708279000000000547e-01
2.384753000000000012e-01
5.520584600000000286e-01
6.683627399999999552e-01
6.512002000000000068e-01
6.499781999999999504e-01
3.699905600000000239e-01
5.175874000000000308e-01
3.099647799999999953e-01
2.242412300000000136e-01
4.456685200000000124e-01
5.991332999999999798e-01
4.265818000000000110e-01
4.928805499999999729e-01
1.988752000000000020e-01
2.366236200000000067e-01
5.180272999999999683e-01
4.227042500000000036e-01
4.374198000000000253e-01
2.609515000000000029e-01
2.096760699999999922e-01
4.706243600000000193e-01
4.384969499999999965e-01
4.723351000000000077e-01
3.969569199999999909e-01
3.717180199999999823e-01
4.423743800000000115e-01
3.690380200000000221e-01
3.500657699999999983e-01
4.053262999999999727e-01
3.202897599999999789e-01
3.774227800000000133e-01
1.615862799999999988e-01
4.545910699999999860e-01
4.211442799999999820e-01
4.283954999999999846e-01
4.127113800000000166e-01
4.062950300000000015e-01
4.329606999999999761e-01
3.902173299999999734e-01
4.269232199999999922e-01
4.497451199999999982e-01
2.246656900000000012e-01
7.143029000000000392e-03
4.682400199999999790e-01
4.944391000000000203e-01
4.252146800000000115e-01
5.270555599999999785e-01
4.979955999999999827e-01
3.100272399999999817e-01
3.690454400000000024e-01
3.351760999999999768e-01
4.694941599999999937e-01
4.099054999999999782e-01
1.546540600000000099e-01
2.280274999999999941e-01
1.997562999999999978e-01
3.186095700000000086e-01
6.145556599999999481e-01
6.363448999999999911e-01
3.937822000000000267e-01
6.780711400000000166e-01
5.208692000000000322e-01
5.309294500000000250e-01
4.553680399999999739e-01
6.801070599999999855e-01
7.445935599999999877e-01
6.495957999999999455e-01
7.237866499999999759e-01
5.868710000000000315e-01
7.438299000000000438e-01
6.750053999999999776e-01
7.715954000000000423e-01
7.812221999999999777e-01
6.037853399999999482e-01
7.028066499999999772e-01
2.142146500000000064e-01
4.398436199999999907e-01
7.980721600000000304e-01
7.930897500000000377e-01
2.887203999999999882e-01
1.059751599999999988e-01
6.447779999999999623e-01
4.584114300000000086e-01
5.475474000000000174e-01
7.153699399999999819e-01
4.575170000000000070e-01
5.990010500000000349e-01
3.474266999999999772e-01
3.391442299999999910e-01
3.132082800000000056e-01
8.026250600000000013e-01
2.471774700000000102e-01
7.226974400000000243e-01
7.143979700000000488e-01
6.454452000000000522e-01
3.851341300000000190e-01
3.063019000000000158e-01
4.693013699999999955e-01
6.912506000000000483e-01
6.235456499999999513e-01
7.123639999999999972e-01
5.113545999999999925e-01
1.074111600000000055e-01
7.824541299999999699e-01
4.034696500000000130e-01
6.315066999999999764e-01
5.265587600000000146e-01
6.573738999999999555e-01
7.006746999999999836e-01
6.266418700000000452e-01
6.581480499999999845e-01
5.818422399999999550e-01
7.684005000000000418e-01
6.176827999999999763e-01
2.158814799999999867e-01
2.299852500000000022e-01
5.699971000000000343e-01
2.473784699999999892e-01
3.235987399999999958e-01
5.113702399999999759e-01
5.719769999999999577e-01
4.039359699999999775e-01
7.823965999999999976e-01
5.617756000000000416e-01
7.322997500000000271e-01
5.042174999999999851e-01
6.864559000000000077e-01
6.518919499999999978e-01
8.008323299999999811e-01
6.403727000000000169e-01
6.823882500000000295e-01
4.974276400000000042e-01
7.765776500000000082e-01
7.563444999999999752e-01
7.286936000000000524e-01
5.000682499999999919e-01
6.118962000000000012e-01
4.040170000000000150e-01
3.977476699999999976e-01
6.230441300000000293e-01
6.190655000000000463e-01
6.557488999999999679e-01
7.169637700000000002e-01
6.771572999999999620e-01
6.866562999999999972e-01
1.713104400000000083e-01
3.862535699999999905e-01
6.449827599999999883e-01
6.864559000000000077e-01
7.189723000000000086e-01
5.490437999999999708e-01
3.560657500000000142e-01
3.011730000000000240e-01
4.211135200000000189e-01
4.089120299999999819e-01
6.387538000000000382e-01
6.138749999999999485e-01
8.028235000000000232e-01
7.116023000000000209e-01
6.902009000000000061e-01
7.091269000000000045e-01
6.150486499999999745e-01
6.520682599999999551e-01
7.092821000000000264e-01
7.307417999999999969e-01
5.770844000000000529e-01
6.303870999999999780e-01
7.123144000000000142e-01
7.068592000000000208e-01
7.149437699999999785e-01
7.424522599999999750e-01
7.627675999999999901e-01
6.681229499999999932e-01
7.970031499999999935e-01
7.745754999999999724e-01
5.560667000000000249e-01
7.403018999999999572e-01
7.354830500000000271e-01
7.241398700000000188e-01
6.851572000000000218e-01
7.019385700000000394e-01
7.484865000000000546e-01
7.959496000000000349e-01
7.937176999999999705e-01
8.337205600000000549e-01
8.460822000000000065e-01
7.650060699999999825e-01
6.263937000000000532e-01
7.522250999999999799e-01
7.696079999999999588e-01
7.552906999999999815e-01
6.455598000000000170e-01
7.335905000000000342e-01
6.846400999999999737e-01
7.960915600000000314e-01
7.698333000000000537e-01
7.768532000000000215e-01
6.781580000000000386e-01
7.622670999999999752e-01
6.829352400000000545e-01
7.254150499999999502e-01
7.387527000000000399e-01
7.049818599999999602e-01
6.855350999999999528e-01
6.624919999999999698e-01
8.001519400000000060e-01
6.735149999999999748e-01
6.214954999999999785e-01
7.657711499999999560e-01
7.281427400000000105e-01
6.810763499999999970e-01
6.694867599999999586e-01
6.168498999999999510e-01
6.063771000000000022e-01
6.937229999999999785e-01
6.949530000000000429e-01
7.270527500000000254e-01
7.178795000000000037e-01
6.388008600000000259e-01
7.170935000000000503e-01
5.857321599999999462e-01
6.137758500000000117e-01
6.025194999999999856e-01
6.554060600000000125e-01
6.770513000000000225e-01
6.443769000000000302e-01
6.335285299999999786e-01
6.640207999999999666e-01
7.407437000000000049e-01
6.822122299999999750e-01
6.637227500000000280e-01
6.281679999999999486e-01
5.489256999999999609e-01
6.989861000000000546e-01
7.215853300000000248e-01
5.944118000000000457e-01
6.351628299999999561e-01
7.273887399999999781e-01
6.616429999999999811e-01
7.229134999999999867e-01
6.793145499999999615e-01
5.541562399999999666e-01
7.012872999999999468e-01
7.165177999999999825e-01
6.280732999999999455e-01
6.681533499999999792e-01
6.754295000000000160e-01
5.653386999999999718e-01
5.863014500000000018e-01
6.336876999999999649e-01
6.075795999999999975e-01
5.984051000000000231e-01
6.952939000000000203e-01
7.800778000000000434e-01
6.907353000000000520e-01
7.453954000000000413e-01
7.218763000000000263e-01
5.372274999999999689e-01
0.000000000000000000e+00
4.659044999999999992e-01
5.384736700000000154e-01
4.698041000000000023e-01
5.263306500000000110e-01
6.866915999999999576e-01
6.685564999999999980e-01
7.975824000000000247e-01
6.513245699999999916e-01
5.724099000000000270e-01
6.333421000000000189e-01
2.776792000000000149e-01
7.551816999999999558e-01
5.182354999999999601e-01
5.305360000000000076e-01
7.715397999999999978e-01
8.217550500000000424e-01
5.985716599999999499e-01
7.131368500000000443e-01
8.076823400000000541e-01
7.792344700000000124e-01
7.907471700000000547e-01
7.027132499999999560e-01
7.071633299999999789e-01
6.975808999999999482e-01
8.161282499999999995e-01
6.646400000000000086e-01
2.724228499999999942e-01
5.632023999999999919e-01
7.301682000000000450e-01
5.636828499999999575e-01
8.046976999999999602e-01
4.604977699999999730e-01
7.166097000000000161e-01
5.450437700000000385e-01
5.298431500000000405e-01
6.483604299999999876e-01
4.943986200000000109e-01
6.862874599999999603e-01
0.000000000000000000e+00
5.913966000000000500e-01
6.367767500000000025e-01
6.574617600000000062e-01
5.994331999999999994e-01
7.121751299999999896e-01
4.673608799999999786e-01
7.306707000000000063e-01
5.700596599999999681e-01
6.175406599999999635e-01
5.553217000000000292e-01
4.792456600000000178e-01
6.263412999999999897e-01
6.539525400000000266e-01
5.224115999999999760e-01
5.824648000000000048e-01
7.452260000000000550e-01
5.548235999999999724e-01
6.581441999999999570e-01
4.106471199999999766e-01
5.831144999999999801e-01
5.780106000000000410e-01
5.282197600000000381e-01
6.639181400000000455e-01
6.299190999999999541e-01
6.601871000000000267e-01
7.883736500000000369e-01
6.995992699999999953e-01
6.906357400000000535e-01
7.875429400000000246e-01
6.075998999999999706e-01
5.541562399999999666e-01
4.897108700000000203e-01
6.672903000000000029e-01
7.623275499999999649e-01
7.348544000000000187e-01
6.859944999999999515e-01
6.711200999999999972e-01
6.495691000000000104e-01
6.893960000000000088e-01
6.829473400000000138e-01
5.744759000000000393e-01
6.536513999999999935e-01
6.800591299999999562e-01
7.311358500000000316e-01
5.729313499999999504e-01
7.013160600000000189e-01
6.906357400000000535e-01
6.853658999999999724e-01
5.068597000000000241e-01
6.618849599999999667e-01
5.262615999999999961e-01
6.618849599999999667e-01
5.133943600000000496e-01
6.017390000000000239e-01
5.584516499999999661e-01
5.387098000000000164e-01
4.198869800000000208e-01
6.497538699999999556e-01
6.879650999999999961e-01
