1
2
3
4
5
6
7
8
9
10
11
12
13
14
15
16
17
18
19
20
21
22
23
24
25
26
27
28
29
30
31
32
33
34
35
36
37
38
39
40
41
42
43
44
45
46
47
48
49
50
51
52
53
54
55
56
57
58
59
60
61
62
62
62
63
64
65
66
66
67
67
68
68
68
69
69
69
69
69
69
69
69
69
69
70
71
71
72
72
72
72
72
72
72
72
72
73
73
73
73
73
73
74
74
74
74
74
74
74
74
74
75
75
75
75
76
76
76
76
76
77
78
79
79
80
81
81
82
82
82
83
83
84
84
84
85
85
86
86
86
86
87
88
88
88
89
90
90
90
90
91
91
92
93
94
95
95
96
97
98
99
100
101
101
101
101
101
101
101
102
102
103
104
105
106
106
107
108
108
109
110
111
112
113
113
113
113
113
113
113
113
113
113
114
115
116
117
118
118
119
120
120
121
122
123
124
125
126
127
128
129
130
130
131
132
132
133
134
134
135
136
137
138
138
139
140
141
142
143
144
145
146
147
148
149
150
151
152
153
154
155
156
157
158
159
160
161
162
163
164
164
164
164
165
165
165
165
165
165
165
165
165
165
165
165
165
165
165
165
165
165
165
165
165
165
165
166
166
166
166
166
166
166
166
166
167
167
167
167
167
167
167
167
167
167
167
167
167
167
167
167
167
167
167
167
167
167
167
167
167
167
167
167
167
167
168
168
168
168
168
169
170
171
171
171
171
171
171
171
171
171
171
171
171
171
171
171
171
171
171
171
171
171
171
171
171
171
171
171
171
171
171
171
172
173
173
173
173
173
173
173
174
174
174
174
174
174
174
174
174
174
174
175
175
175
176
176
177
178
178
178
179
179
179
179
179
180
180
181
181
182
183
184
184
185
185
185
185
185
185
186
187
188
189
190
191
192
193
194
195
196
197
198
199
200
201
202
203
204
205
206
207
208
209
210
211
212
213
214
215
216
217
218
219
220
221
222
223
224
225
226
227
228
229
230
231
232
233
234
235
236
236
236
236
236
236
236
236
236
236
236
236
237
237
237
237
237
237
237
237
237
238
238
238
238
238
238
238
238
238
238
238
238
238
238
238
238
238
238
238
238
238
239
239
240
240
240
240
240
240
240
240
240
240
240
240
240
240
241
241
241
242
243
244
245
246
247
248
249
250
251
252
252
252
252
252
252
252
252
252
252
252
253
253
253
253
253
253
253
253
253
253
253
253
253
253
253
253
253
253
253
253
253
253
253
253
253
253
253
253
253
253
253
253
253
253
253
253
253
253
253
254
254
254
254
254
254
254
254
254
255
256
256
257
257
258
258
258
258
258
258
259
259
259
259
260
260
261
261
261
262
263
264
265
266
267
268
269
270
271
272
273
274
275
276
277
278
279
280
281
281
282
283
284
285
286
287
288
289
290
291
292
293
294
295
296
297
298
299
300
301
302
303
304
305
306
307
308
309
310
310
310
310
310
310
310
310
310
310
310
310
310
310
310
310
310
310
310
310
310
310
310
310
310
310
310
310
310
310
310
310
310
310
310
310
310
310
310
310
310
310
310
310
310
310
310
310
310
310
310
310
310
310
310
310
310
310
310
310
310
310
310
310
310
311
311
312
313
314
314
314
314
314
314
315
315
315
315
315
315
315
315
315
315
315
316
316
316
316
316
316
317
317
317
317
317
317
317
317
317
317
317
317
318
318
318
318
318
318
318
318
319
319
319
320
320
320
320
320
320
320
320
320
320
320
320
320
320
321
322
322
323
323
323
324
324
324
324
324
324
324
324
324
324
324
324
324
324
324
324
325
325
325
325
325
325
325
325
326
326
327
327
327
328
328
329
329
329
330
330
331
332
332
332
333
333
333
333
333
333
333
334
335
335
335
336
336
336
336
337
337
338
339
339
339
340
341
342
342
343
343
343
343
343
343
343
343
343
343
343
343
343
343
343
343
343
343
343
343
343
343
343
343
343
343
343
343
343
343
343
343
343
343
343
343
343
343
343
343
343
343
343
343
343
343
343
343
343
343
343
343
343
343
343
343
343
343
343
343
343
343
343
343
343
344
344
345
346
347
347
348
348
348
348
348
348
348
348
348
348
348
348
348
348
348
348
348
348
348
348
348
348
348
348
348
348
348
348
348
348
348
348
349
349
350
350
350
351
351
351
351
351
351
351
351
351
352
352
352
352
352
352
352
352
352
352
353
353
353
353
353
353
353
353
353
353
353
353
353
353
353
353
353
353
353
353
353
353
353
353
353
353
353
353
353
353
353
353
353
353
353
353
353
353
353
353
353
353
353
353
353
353
354
354
354
354
354
354
354
354
354
354
354
354
355
355
355
355
355
355
355
355
355
355
355
355
355
355
355
356
356
356
356
356
356
356
356
356
356
356
356
356
356
356
356
356
356
356
356
356
356
356
356
356
356
357
357
357
357
357
357
357
357
357
357
357
357
357
357
357
357
357
357
357
357
357
357
357
357
357
357
357
357
357
357
357
357
357
357
357
357
357
357
357
357
357
357
357
357
357
358
358
359
359
360
360
360
360
360
360
361
361
361
361
361
361
361
361
361
361
361
361
361
361
361
361
361
361
361
361
361
361
362
363
364
364
364
364
365
365
365
366
366
367
367
367
367
367
367
367
368
368
369
369
369
369
370
370
371
372
372
372
372
372
373
373
373
373
374
375
375
375
376
376
376
376
376
377
377
377
378
379
380
381
382
383
384
385
386
387
388
389
390
391
392
393
394
395
396
396
397
398
399
400
401
402
403
404
405
406
407
408
409
410
411
412
413
414
415
415
416
417
418
419
420
421
422
423
424
425
425
425
425
425
425
425
425
425
425
425
425
425
425
425
425
425
425
425
425
425
425
425
425
425
425
425
425
425
425
425
425
425
425
425
425
425
425
425
425
425
425
425
425
425
425
425
425
425
425
425
426
427
427
428
428
428
428
428
428
429
430
430
430
430
431
432
433
433
434
435
436
437
438
438
438
438
438
438
438
439
440
440
440
441
441
441
441
441
441
441
441
442
443
443
443
443
443
444
444
444
444
444
444
444
444
444
444
444
444
444
444
444
444
444
444
444
444
444
444
444
444
444
444
444
444
444
444
444
444
444
444
444
444
444
444
444
444
444
444
444
444
444
444
444
444
444
444
444
444
444
444
445
445
445
446
446
447
447
447
447
447
447
447
447
448
448
449
449
450
451
452
452
453
454
455
455
456
457
458
458
458
458
458
459
459
460
461
462
463
464
464
465
466
467
468
468
469
469
469
469
469
469
469
469
469
469
469
469
469
469
469
469
470
470
470
470
470
470
470
470
470
470
470
470
470
470
470
470
470
470
470
470
470
470
471
471
471
471
471
471
471
471
471
471
471
471
471
471
471
471
471
471
471
471
471
471
471
472
472
472
472
472
472
472
473
473
474
475
475
475
475
475
475
475
475
475
475
475
475
475
476
476
476
476
476
476
476
476
476
476
476
476
476
476
476
476
476
476
476
476
476
476
476
476
476
476
476
476
476
476
476
476
476
476
477
477
477
477
477
477
477
477
477
478
478
478
478
478
478
478
478
478
478
479
479
480
481
481
481
481
481
481
481
481
481
482
482
482
482
482
482
482
482
482
482
482
482
482
482
482
482
482
482
482
482
482
482
482
482
482
482
482
482
482
483
483
483
484
485
486
486
486
486
486
486
486
486
486
486
486
487
487
487
487
488
488
488
488
488
488
488
488
488
488
489
489
489
489
489
489
489
490
490
490
490
490
490
490
490
490
490
490
490
490
490
490
490
490
490
490
490
490
490
490
490
490
490
490
490
490
490
490
490
490
490
490
490
490
490
490
490
490
490
490
490
490
490
490
490
490
490
490
491
491
491
491
491
491
491
491
492
493
493
493
494
494
494
495
495
495
495
495
495
496
496
496
496
496
496
496
496
496
496
496
496
496
497
497
497
497
497
498
498
498
498
499
499
499
499
499
499
499
499
499
499
500
500
500
500
500
500
500
500
500
500
500
500
500
500
500
500
500
500
500
500
500
500
500
500
500
500
500
500
500
500
500
500
500
500
500
501
501
501
502
502
503
504
505
506
507
508
509
510
511
512
512
513
514
514
515
516
517
517
517
518
519
520
521
522
523
524
525
526
527
527
528
529
530
531
532
533
534
534
535
536
536
537
538
539
540
541
542
543
544
544
544
544
545
545
546
547
547
548
548
549
549
549
549
550
550
551
552
552
553
554
555
556
557
558
559
560
561
562
563
563
564
565
566
567
567
568
569
570
571
572
573
574
574
575
576
576
576
576
576
576
576
576
576
577
577
577
577
577
577
577
577
578
578
578
579
580
581
582
582
582
582
582
582
582
582
582
582
582
582
582
582
582
582
582
582
582
583
583
583
583
583
583
583
583
583
583
583
583
583
583
583
584
584
584
584
584
584
584
585
585
585
586
587
588
589
589
589
589
589
589
590
591
592
593
594
595
595
596
596
597
597
598
598
599
599
600
600
601
601
601
601
601
601
602
602
